02 03 18 01
04 04 08 05
06 12 03 09
03 19 03 14
03 02 17 18
05 03 04 25
06 19 19 33
05 11 02 35
04 03 08 41
03 20 06 49
04 20 08 57
06 17 17 62
02 12 10 69
05 07 04 70
02 11 12 79
05 03 05 85
04 10 13 91
04 13 07 97
02 03 07 103
03 07 12 111
04 15 05 114
06 14 07 123
04 15 15 128
05 14 12 133
05 11 04 135
04 13 08 144
04 13 01 145
02 03 04 152
05 05 17 157
04 17 07 162
03 12 14 167
02 19 04 171
03 07 13 178
03 20 07 188
06 18 09 195
06 17 04 202
05 05 13 207
06 13 18 215
05 10 19 216
02 12 02 225
04 20 07 226
03 03 03 232
04 10 03 234
06 04 20 240
06 18 16 249
03 14 10 257
02 01 08 267
02 20 02 273
05 18 18 278
06 12 08 285
02 15 05 286
06 19 01 292
04 01 13 301
03 17 17 311
04 02 09 318
04 05 14 325
04 16 20 332
03 08 11 335
05 16 03 338
04 15 10 348
02 03 05 352
04 05 13 358
05 07 09 367
02 09 12 372
03 20 02 379
05 06 08 384
02 09 10 388
04 14 12 394
06 11 18 404
04 08 05 410
05 04 02 418
03 06 15 422
03 18 10 429
06 12 02 432
03 15 05 439
03 07 15 447
02 18 10 450
05 12 18 454
02 16 11 460
04 05 20 464
04 03 11 469
03 10 18 475
06 03 15 477
06 20 10 482
05 01 20 490
05 13 04 492
04 16 03 500
02 12 04 510
03 03 05 513
02 07 14 523
03 13 13 531
05 06 09 541
02 04 16 547
06 20 09 548
05 17 13 557
03 14 01 564
05 13 10 569
06 10 13 573
02 08 07 576
02 19 02 580
06 12 11 586
05 04 06 595
03 13 03 600
03 08 09 610
06 20 02 611
02 03 11 614
02 05 12 620
04 17 10 630
03 16 11 632
02 20 15 639
04 19 18 645
05 03 07 653
03 15 18 658
05 04 16 660
05 19 03 668
04 04 17 670
02 15 07 679
04 19 06 687
06 10 08 691
04 09 12 694
05 18 07 700
02 01 19 704
06 10 12 706
02 14 03 709
06 09 18 711
05 04 19 721
05 03 19 722
04 02 13 729
02 04 08 734
05 02 12 735
06 06 20 736
05 14 07 744
05 18 19 746
03 03 11 752
04 08 09 753
04 03 13 760
03 01 17 770
03 01 01 777
02 05 16 784
02 20 12 793
03 04 15 795
05 08 12 802
02 15 08 809
04 15 08 812
04 11 14 822
05 11 16 825
03 16 03 829
06 01 03 833
04 08 07 841
06 05 08 851
04 20 06 854
03 17 04 864
02 06 19 865
06 20 03 869
02 02 20 878
04 09 05 881
02 02 14 884
03 18 19 887
05 01 05 892
02 18 15 899
03 03 13 901
02 18 06 906
04 10 08 909
05 05 13 910
05 09 16 916
04 19 13 920
05 11 04 924
02 11 05 931
06 01 09 936
03 08 09 943
05 13 11 946
03 14 14 951
05 07 08 958
06 12 18 964
06 07 10 972
05 02 14 979
02 20 18 982
05 10 18 987
02 03 03 990
06 02 03 997
06 12 09 1004
06 16 02 1007
02 18 16 1016
02 05 01 1026
03 19 12 1033
06 03 17 1035
04 04 11 1043
03 18 16 1050
02 11 12 1052
03 12 09 1055
04 02 02 1059
02 07 10 1061
03 14 16 1070
03 15 11 1074
05 03 03 1080
04 20 02 1082
03 01 06 1091
03 19 02 1097
03 11 06 1098
06 18 09 1107
02 07 10 1108
03 18 04 1113
03 10 07 1118
02 05 13 1121
02 16 13 1122
06 04 18 1131
05 08 15 1141
02 15 20 1145
02 17 18 1155
03 08 11 1156
05 06 13 1158
05 05 04 1168
04 14 17 1177
05 16 11 1186
03 07 15 1188
05 18 20 1198
03 03 06 1208
05 08 13 1213
06 08 16 1217
02 19 04 1222
06 10 20 1231
04 10 08 1233
04 17 15 1243
06 14 12 1251
04 07 16 1261
04 19 07 1269
05 15 05 1279
03 15 07 1280
02 15 01 1285
02 01 11 1292
04 02 17 1298
05 17 06 1307
06 06 14 1312
06 06 09 1321
03 08 14 1329
02 14 07 1337
03 19 06 1345
05 20 12 1349
03 08 19 1350
05 11 14 1357
04 01 01 1364
05 11 18 1370
06 04 07 1374
03 12 13 1383
04 01 10 1392
06 03 02 1393
02 14 02 1402
02 10 04 1407
03 12 13 1413
05 20 15 1415
05 07 17 1424
03 18 01 1425
02 07 06 1433
04 01 17 1442
04 11 16 1451
03 09 16 1459
04 16 01 1460
02 15 18 1461
03 18 13 1468
05 15 12 1475
03 10 10 1481
02 12 04 1486
03 13 01 1487
04 07 09 1494
04 01 16 1500
05 10 02 1501
02 16 17 1510
04 16 04 1511
05 19 05 1521
02 07 03 1523
06 04 06 1527
05 10 12 1533
05 07 01 1534
05 19 14 1542
06 08 10 1546
04 10 06 1550
06 01 13 1556
05 18 02 1566
04 18 15 1572
05 17 18 1576
03 03 12 1579
04 07 05 1589
04 04 09 1599
05 19 18 1602
03 05 04 1607
03 01 02 1608
05 12 12 1617
02 11 07 1625
06 09 08 1632
04 09 04 1642
03 07 17 1652
06 14 03 1660
06 03 04 1664
05 14 05 1665
02 20 20 1675
05 01 01 1685
05 08 11 1686
02 03 13 1688
03 10 15 1691
04 03 09 1698
04 06 15 1699
03 10 17 1709
02 09 11 1714
04 01 01 1721
03 16 13 1728
02 18 11 1735
05 17 02 1738
06 01 09 1748
05 19 16 1753
04 11 16 1754
02 08 10 1760
04 10 03 1768
03 01 11 1778
05 10 19 1779
02 17 20 1785
06 16 05 1790
05 15 06 1796
05 18 20 1797
06 12 13 1800
02 09 19 1805
04 05 20 1807
05 19 07 1808
03 20 02 1816
06 08 02 1819
06 04 06 1821
02 10 04 1828
03 06 04 1835
04 05 11 1839
02 10 13 1843
03 18 12 1852
04 03 10 1858
03 11 17 1864
06 18 19 1869
03 15 04 1878
06 16 12 1882
04 07 05 1883
05 14 07 1885
04 18 18 1887
03 06 20 1894
02 06 12 1895
05 07 09 1899
02 05 03 1907
03 16 06 1913
06 15 06 1918
02 01 15 1926
02 20 03 1932
04 06 05 1935
04 20 01 1936
06 11 01 1944
06 15 14 1953
05 06 16 1955
05 13 08 1958
03 07 12 1966
02 09 19 1968
05 04 14 1970
06 20 16 1971
05 20 17 1975
04 08 14 1980
03 13 08 1983
04 04 07 1991
05 14 14 2001
03 09 12 2009
02 15 11 2018
06 07 20 2025
05 18 20 2035
05 16 17 2040
06 01 19 2050
02 01 10 2051
06 15 09 2056
02 20 12 2066
05 04 13 2076
03 06 06 2084
06 11 18 2092
03 14 05 2093
06 09 04 2097
03 18 14 2105
05 14 08 2110
03 10 19 2120
02 13 09 2122
05 07 13 2123
02 18 05 2129
05 18 20 2132
04 09 07 2138
02 19 10 2146
02 15 02 2150
03 04 12 2152
03 05 05 2162
02 10 18 2168
06 08 06 2174
02 01 01 2179
03 13 09 2187
05 02 01 2197
03 15 16 2201
04 20 08 2203
02 09 10 2205
02 06 05 2207
03 02 10 2217
03 15 06 2221
04 19 20 2231
02 08 15 2238
03 05 04 2240
02 11 01 2243
03 11 04 2247
04 16 13 2256
03 07 18 2263
04 06 17 2272
03 06 16 2274
05 07 12 2283
03 06 04 2293
05 16 03 2297
06 04 13 2307
03 16 07 2317
06 11 17 2324
06 03 02 2330
03 10 02 2340
06 04 18 2347
05 14 11 2352
03 14 14 2361
05 16 07 2366
06 09 13 2372
03 13 17 2380
04 01 11 2382
06 05 15 2392
05 16 02 2402
02 01 05 2412
06 18 16 2414
02 05 17 2417
02 08 06 2420
03 16 12 2423
06 19 09 2428
03 04 17 2434
03 09 12 2443
05 16 16 2445
06 20 12 2455
06 07 08 2460
02 12 06 2468
05 08 18 2471
02 09 12 2481
05 08 06 2483
06 10 16 2492
03 08 15 2498
04 19 13 2506
06 07 05 2509
02 05 15 2517
03 06 09 2520
03 18 16 2530
05 04 02 2533
03 05 04 2537
04 08 17 2543
02 08 03 2546
03 10 03 2551
03 02 07 2555
02 04 12 2560
04 16 01 2566
04 12 06 2567
02 06 07 2576
03 06 13 2579
04 17 10 2581
02 05 04 2589
05 12 17 2595
03 03 05 2600
06 14 02 2606
03 11 16 2616
04 14 01 2621
03 10 06 2624
04 13 16 2634
05 17 15 2640
03 15 17 2644
06 08 14 2650
02 05 14 2655
03 12 16 2658
04 07 01 2661
04 17 04 2671
06 04 18 2679
06 04 09 2688
02 13 04 2698
05 20 11 2705
02 17 05 2715
05 07 01 2721
04 03 06 2730
03 06 07 2737
03 07 20 2741
02 09 17 2744
02 13 18 2750
06 04 02 2754
05 08 10 2764
06 02 04 2765
02 14 18 2772
06 08 19 2782
02 08 20 2791
05 02 07 2795
02 10 03 2800
04 11 19 2805
02 12 10 2810
02 12 16 2811
03 07 04 2812
04 04 05 2814
06 16 05 2823
06 07 10 2825
06 10 02 2826
02 20 04 2827
05 13 09 2833
05 15 10 2838
05 05 02 2847
04 09 15 2857
02 10 02 2865
02 18 05 2873
05 16 17 2881
04 01 13 2884
04 20 19 2890
05 15 14 2895
05 02 20 2903
03 02 14 2911
03 01 15 2913
02 15 07 2920
03 16 15 2928
06 15 13 2931
02 19 14 2939
04 18 11 2949
05 18 18 2950
04 06 12 2951
02 11 12 2961
02 11 03 2968
06 16 19 2972
03 19 02 2978
05 17 11 2981
02 19 02 2984
05 07 18 2991
06 19 15 2994
06 09 11 2996
02 04 18 2997
06 03 13 2998
04 09 10 3008
05 17 14 3017
02 06 07 3024
03 16 19 3026
02 19 15 3032
04 13 18 3035
06 19 07 3038
06 03 05 3041
06 05 05 3049
06 16 15 3056
03 05 08 3059
02 11 02 3066
04 12 16 3068
03 01 07 3074
02 02 12 3077
02 05 19 3084
02 12 11 3093
04 12 03 3094
06 17 05 3103
06 04 19 3112
06 08 06 3113
05 16 13 3122
02 13 17 3127
05 16 05 3132
05 04 07 3135
04 17 15 3137
06 17 03 3139
06 01 18 3143
02 05 12 3145
04 09 04 3152
03 10 06 3155
03 18 11 3163
03 05 12 3166
04 19 13 3169
02 16 14 3175
03 16 15 3184
05 19 02 3189
06 15 07 3193
06 19 13 3194
02 19 13 3197
02 06 20 3200
03 16 12 3208
06 10 18 3214
02 18 05 3218
05 09 01 3223
05 03 12 3229
04 07 05 3235
02 02 14 3242
03 06 08 3243
06 19 09 3247
04 19 10 3250
05 06 16 3259
02 10 20 3269
02 14 14 3273
02 11 14 3281
03 17 11 3290
06 17 01 3292
05 08 17 3293
03 15 14 3298
05 09 11 3307
03 16 09 3310
06 02 20 3315
02 07 02 3318
05 03 11 3327
06 01 05 3330
03 20 15 3332
03 12 03 3339
06 16 08 3346
03 19 01 3355
02 15 11 3357
06 10 09 3362
05 16 08 3366
06 17 12 3370
02 17 02 3374
02 03 07 3381
06 14 20 3387
04 03 10 3396
03 07 19 3403
03 16 06 3408
05 09 07 3418
02 03 01 3421
05 04 17 3430
05 06 13 3433
05 11 06 3435
03 17 11 3442
04 13 08 3448
05 19 01 3458
04 16 04 3460
06 07 03 3469
06 19 13 3478
05 20 06 3484
03 05 04 3494
02 01 14 3498
05 02 19 3501
03 13 20 3508
03 07 18 3517
04 11 05 3519
04 19 19 3526
06 10 08 3529
05 20 13 3534
02 06 04 3539
04 06 07 3542
03 04 15 3547
04 01 09 3556
04 06 06 3563
02 08 18 3566
03 19 03 3576
04 20 18 3580
05 08 02 3585
06 14 03 3591
04 15 20 3596
06 19 17 3604
03 11 13 3611
06 10 06 3618
02 08 02 3628
06 17 06 3629
03 12 02 3636
06 15 09 3639
05 17 01 3640
06 06 19 3650
05 19 19 3655
02 03 19 3660
06 20 17 3664
05 16 04 3672
03 13 11 3677
04 04 06 3679
04 20 11 3682
02 13 18 3685
06 04 10 3695
02 11 01 3703
02 15 16 3712
06 02 18 3718
05 08 05 3726
04 13 09 3728
02 09 06 3738
06 05 14 3744
05 14 08 3746
06 15 12 3749
03 18 18 3755
03 14 19 3765
02 08 05 3770
05 01 15 3771
05 19 18 3777
02 15 13 3787
03 02 05 3792
02 15 09 3795
06 10 09 3796
04 05 01 3802
03 17 08 3811
05 12 14 3817
06 20 10 3822
04 05 18 3832
06 03 06 3833
04 19 19 3835
06 04 11 3844
02 09 14 3846
04 15 11 3852
06 20 07 3860
04 10 09 3864
06 19 03 3873
04 13 03 3877
02 13 04 3885
05 07 12 3887
05 06 06 3889
05 13 07 3899
02 01 04 3909
06 08 16 3918
03 05 18 3920
02 01 08 3925
05 12 06 3929
02 04 08 3936
02 10 13 3943
04 08 20 3953
04 06 08 3961
06 17 19 3967
05 03 10 3973
03 03 13 3982
06 02 08 3992
02 01 11 3999
04 03 09 4008
02 14 15 4013
04 11 15 4018
02 02 01 4027
02 13 16 4032
02 18 13 4036
06 05 20 4037
02 01 03 4045
03 10 10 4055
06 18 04 4056
06 01 02 4065
05 01 18 4067
05 05 20 4071
02 15 09 4073
02 18 06 4082
06 12 07 4083
04 10 04 4093
05 01 10 4101
02 13 03 4102
05 07 08 4111
04 10 16 4112
03 03 08 4120
02 15 04 4128
04 08 01 4134
04 16 05 4137
05 02 02 4139
06 15 08 4147
02 14 10 4157
06 19 17 4159
03 15 13 4166
06 12 04 4167
05 17 11 4174
06 18 08 4183
02 01 19 4185
05 13 04 4190
02 13 06 4198
04 07 03 4205
04 11 18 4208
06 06 18 4218
05 15 19 4220
05 04 18 4224
04 13 12 4230
02 04 07 4237
03 01 01 4245
02 05 15 4254
02 19 15 4258
03 08 17 4261
03 14 03 4266
05 20 15 4274
02 10 15 4278
06 03 02 4281
03 02 05 4290
02 09 04 4293
03 05 10 4299
02 03 13 4302
02 10 18 4308
04 05 16 4315
05 14 15 4323
06 06 13 4328
02 13 05 4333
04 20 14 4338
05 03 13 4347
03 04 07 4348
06 02 14 4351
03 09 08 4361
05 20 19 4363
06 05 02 4370
05 02 17 4372
06 20 09 4375
02 14 15 4381
06 16 16 4382
02 20 02 4386
06 10 07 4395
02 13 10 4405
03 13 18 4411
03 17 14 4414
03 01 05 4420
06 03 06 4426
03 04 09 4432
06 02 01 4442
05 14 11 4445
02 01 04 4449
04 19 02 4450
03 04 08 4459
04 12 07 4461
02 17 05 4471
03 07 11 4479
06 09 03 4487
05 15 11 4492
06 05 19 4497
05 08 09 4498
05 14 06 4503
03 11 11 4513
02 17 03 4523
04 18 11 4529
03 16 04 4531
03 01 05 4539
04 01 04 4540
04 07 11 4548
04 11 01 4553
06 15 12 4554
02 14 12 4560
02 18 18 4565
02 14 01 4575
04 19 14 4577
04 04 20 4582
05 19 13 4589
04 04 03 4594
05 15 07 4601
03 07 15 4606
06 03 06 4611
03 16 02 4621
02 05 15 4624
02 13 03 4633
03 16 03 4643
06 13 20 4650
04 16 16 4654
04 07 10 4660
02 02 04 4662
05 08 20 4666
05 08 02 4676
03 11 13 4684
02 17 06 4693
03 02 13 4702
02 17 18 4707
02 19 15 4709
03 10 06 4717
02 14 06 4724
04 09 19 4725
06 15 12 4730
03 18 10 4738
03 14 02 4743
04 12 01 4751
03 11 14 4760
02 11 05 4764
03 12 07 4768
03 12 19 4773
05 05 19 4780
04 16 10 4787
02 06 19 4790
04 20 03 4794
04 03 06 4803
05 19 14 4804
04 16 19 4805
03 11 09 4814
06 20 20 4818
05 09 12 4822
06 03 16 4825
05 19 03 4828
03 06 06 4829
04 15 10 4833
03 12 09 4837
02 12 13 4839
02 14 07 4841
06 09 07 4849
02 01 13 4858
03 19 11 4864
03 04 12 4866
03 18 04 4867
06 08 11 4869
05 17 19 4873
05 13 14 4876
04 12 05 4879
03 16 19 4886
06 09 02 4895
06 14 18 4900
05 05 02 4904
05 05 16 4907
02 12 03 4908
02 20 06 4917
02 19 17 4922
03 15 07 4928
02 08 15 4936
02 08 14 4945
04 05 10 4952
02 08 01 4961
05 18 10 4965
06 15 01 4970
03 01 09 4979
05 15 02 4984
03 20 20 4988
05 20 18 4989
02 20 07 4991
02 01 13 5001
05 16 14 5003
06 18 13 5010
02 07 03 5019
02 01 09 5028
04 08 11 5031
03 17 01 5040
04 14 05 5043
05 20 05 5047
03 19 20 5054
03 06 20 5059
06 03 06 5068
05 15 04 5071
05 07 05 5076
02 16 04 5077
04 10 12 5081
02 01 11 5084
06 07 17 5091
05 18 07 5096
05 01 03 5098
02 04 01 5107
04 06 10 5109
06 19 01 5117
05 01 12 5126
06 03 19 5134
04 13 16 5136
06 12 05 5140
05 03 06 5146
02 05 09 5155
03 12 15 5156
04 10 01 5165
06 06 05 5168
03 11 01 5170
04 14 05 5176
02 08 04 5185
03 11 19 5192
04 20 01 5200
02 12 15 5209
06 06 11 5216
03 20 07 5221
03 19 06 5229
04 14 11 5236
02 04 09 5242
02 16 09 5243
04 12 01 5249
02 20 13 5250
04 14 15 5253
05 02 05 5255
04 06 04 5256
03 14 04 5258
03 10 10 5265
06 10 19 5267
02 02 13 5270
02 02 03 5272
06 05 09 5275
02 12 19 5280
02 13 10 5289
05 03 07 5297
05 16 10 5300
02 03 16 5303
05 03 12 5309
03 20 19 5316
06 05 14 5317
04 13 19 5323
03 14 10 5329
04 08 08 5330
02 18 08 5338
06 07 03 5345
02 04 02 5348
06 14 19 5352
06 01 13 5355
03 05 19 5358
05 09 08 5366
05 02 12 5370
03 19 12 5373
06 08 03 5377
03 16 03 5380
03 04 11 5390
06 05 08 5400
04 01 15 5402
05 10 15 5412
05 11 15 5417
06 18 20 5424
06 18 14 5429
05 17 10 5436
03 06 20 5443
05 14 16 5447
05 20 12 5450
04 01 20 5455
05 19 08 5462
05 12 12 5471
04 02 07 5478
02 10 05 5488
05 14 01 5497
05 01 11 5502
03 17 12 5510
02 16 15 5515
02 14 03 5516
06 11 17 5523
06 15 10 5529
04 03 12 5539
05 09 09 5544
03 16 02 5549
06 08 01 5552
05 13 01 5554
02 11 12 5555
03 17 02 5562
05 06 18 5572
02 18 19 5580
04 14 19 5586
03 06 16 5593
02 15 12 5599
03 02 04 5608
03 03 01 5612
05 17 12 5621
05 04 12 5624
02 04 12 5625
04 05 20 5632
03 02 12 5634
04 16 18 5641
04 13 11 5642
05 13 06 5643
04 20 15 5652
05 14 02 5655
05 07 09 5660
04 10 17 5669
04 13 14 5678
02 04 12 5685
05 03 16 5695
04 17 05 5704
05 06 02 5714
05 11 19 5715
05 13 16 5720
05 01 03 5723
03 16 05 5733
04 20 05 5734
02 17 11 5744
04 02 06 5746
02 08 16 5753
04 01 01 5761
03 18 05 5771
06 07 12 5779
05 01 10 5782
05 11 06 5783
06 05 15 5786
03 15 04 5792
04 05 06 5795
06 02 01 5798
02 12 01 5802
03 07 19 5809
04 18 07 5810
05 03 02 5818
06 06 02 5826
06 09 06 5830
06 01 16 5839
03 10 10 5849
05 13 06 5854
06 16 10 5861
03 03 04 5862
06 15 13 5866
04 03 16 5870
03 03 20 5872
03 10 17 5875
04 18 03 5877
04 16 14 5882
02 14 12 5883
04 04 06 5888
06 04 02 5895
05 18 04 5902
05 08 17 5907
06 10 11 5917
04 09 08 5919
04 20 05 5925
04 07 17 5934
02 04 17 5937
02 15 03 5939
02 06 06 5941
03 03 15 5943
02 14 08 5950
02 16 08 5960
05 14 02 5964
04 18 13 5969
03 12 13 5970
06 04 15 5980
03 11 15 5990
04 17 07 6000
02 04 04 6002
04 03 03 6011
02 15 20 6016
03 05 10 6025
05 01 03 6026
05 10 02 6035
06 20 13 6045
03 17 01 6055
06 13 06 6056
04 20 17 6066
02 16 11 6070
04 08 03 6078
03 01 05 6085
04 02 04 6087
06 18 06 6090
04 13 16 6093
02 01 15 6102
06 07 17 6112
04 03 18 6121
03 10 09 6122
02 13 15 6126
06 17 08 6130
04 16 19 6132
05 17 19 6139
05 06 20 6148
04 13 11 6151
02 02 20 6156
04 07 11 6165
03 01 19 6166
03 03 09 6176
03 10 08 6183
04 13 07 6191
05 07 05 6199
06 18 06 6204
02 18 02 6205
06 04 10 6215
06 19 11 6218
02 03 11 6225
03 03 05 6228
04 07 10 6234
05 09 18 6243
02 15 16 6249
02 18 10 6253
04 04 18 6259
06 09 15 6260
06 11 04 6263
05 04 20 6273
04 17 12 6277
06 19 17 6280
06 15 07 6285
02 12 02 6295
02 01 04 6305
05 17 14 6309
05 18 09 6314
02 14 05 6320
02 17 06 6328
05 10 04 6336
02 14 08 6343
03 16 01 6345
06 13 12 6346
06 02 06 6356
02 12 19 6366
05 11 07 6376
04 15 04 6386
02 20 10 6394
05 07 03 6404
05 19 16 6409
02 13 11 6412
04 11 17 6416
04 18 09 6425
05 18 01 6430
02 17 06 6434
05 04 19 6442
06 07 07 6446
06 04 05 6456
03 07 13 6457
04 01 05 6460
02 14 18 6469
06 04 08 6477
03 13 10 6482
03 10 10 6484
05 11 07 6490
03 10 17 6497
02 02 09 6500
02 15 02 6510
05 09 18 6514
02 06 18 6515
06 02 09 6518
06 07 08 6524
06 01 05 6530
03 04 16 6534
06 08 17 6542
03 18 08 6551
05 07 05 6552
06 03 20 6558
02 20 10 6561
03 06 14 6564
02 18 07 6573
06 12 03 6582
06 18 19 6584
03 15 17 6590
03 15 03 6593
02 10 09 6594
03 16 07 6601
03 19 06 6602
03 12 09 6608
05 14 11 6614
05 16 02 6618
03 03 15 6623
04 15 01 6627
04 04 06 6632
06 11 09 6637
05 01 09 6642
06 15 03 6652
03 14 16 6658
04 17 02 6660
06 02 11 6661
04 01 10 6662
02 15 16 6667
03 18 02 6675
02 06 03 6678
02 04 09 6679
03 05 08 6689
04 12 10 6695
03 08 10 6700
06 18 14 6707
02 20 14 6708
02 17 15 6717
06 13 02 6723
04 11 10 6724
05 10 12 6730
04 12 08 6731
05 12 02 6737
04 02 15 6741
03 06 15 6742
06 13 16 6744
03 09 06 6754
06 02 16 6763
02 10 03 6766
06 02 11 6772
06 19 08 6778
03 01 06 6780
05 12 09 6781
05 07 09 6786
04 12 18 6793
02 05 14 6798
02 14 01 6806
04 16 11 6808
04 13 01 6811
06 20 10 6818
02 17 19 6826
03 04 04 6830
06 03 14 6840
05 04 18 6850
02 19 07 6851
05 01 14 6852
06 02 07 6858
06 07 12 6860
02 19 14 6867
06 12 09 6871
06 04 04 6880
02 06 08 6886
06 10 15 6892
04 05 16 6893
03 14 20 6894
02 13 06 6899
06 16 11 6901
06 14 02 6907
03 03 16 6910
02 12 11 6911
05 16 08 6921
04 02 07 6927
02 04 17 6935
04 10 01 6945
03 20 16 6952
03 14 08 6957
02 20 16 6963
06 06 20 6971
06 01 05 6976
04 02 03 6984
03 16 03 6994
05 09 12 7003
05 04 01 7006
04 05 12 7011
06 16 08 7013
05 12 05 7021
04 17 20 7028
05 17 06 7034
04 18 20 7039
03 09 17 7045
06 19 04 7048
06 03 20 7057
03 06 03 7058
05 01 06 7068
05 18 01 7070
02 05 01 7071
04 15 06 7080
06 20 11 7085
06 10 10 7092
04 09 02 7094
03 03 14 7095
06 13 19 7101
06 16 02 7105
06 09 11 7107
05 20 06 7108
03 09 19 7112
04 19 11 7117
04 14 14 7122
06 07 18 7130
02 01 06 7135
03 03 18 7144
04 12 19 7151
06 18 04 7158
06 07 03 7162
05 05 07 7167
06 04 09 7174
06 15 12 7178
05 19 14 7183
02 16 19 7188
06 04 18 7195
03 05 15 7200
03 06 04 7206
03 06 12 7207
04 01 06 7211
04 12 01 7218
04 18 14 7219
02 08 11 7222
03 14 09 7232
05 20 01 7236
06 09 19 7245
06 03 14 7255
03 07 06 7257
03 04 12 7262
06 04 11 7269
02 19 04 7273
06 12 09 7281
02 15 10 7289
06 03 13 7293
03 18 11 7295
06 09 13 7298
05 10 19 7304
04 14 07 7309
02 01 03 7310
02 15 08 7317
05 09 10 7325
05 07 15 7334
05 16 11 7337
05 11 05 7343
03 13 18 7353
05 18 05 7356
02 09 01 7363
03 14 07 7370
04 06 05 7379
04 07 07 7381
02 13 17 7382
05 04 14 7388
04 05 06 7392
05 03 10 7395
06 15 15 7401
04 11 13 7409
02 10 07 7413
06 20 05 7414
03 05 13 7423
03 08 12 7426
04 06 14 7427
04 08 08 7428
04 08 20 7432
03 02 18 7434
06 08 13 7444
05 17 03 7449
06 11 09 7456
06 11 01 7463
04 19 09 7469
03 10 09 7479
03 12 08 7481
04 18 02 7482
06 07 18 7487
06 05 18 7490
02 13 08 7496
06 20 11 7497
03 18 08 7499
04 02 13 7500
04 17 12 7502
03 07 06 7506
06 18 06 7514
05 02 18 7524
03 03 10 7525
06 03 09 7534
02 05 07 7535
02 12 13 7536
05 01 08 7546
03 15 07 7552
03 03 02 7561
06 17 18 7565
02 20 14 7566
03 04 07 7575
05 12 04 7581
05 18 06 7586
05 03 10 7591
02 01 04 7600
04 17 19 7605
06 03 08 7607
03 15 11 7611
04 16 17 7614
02 19 20 7622
06 06 05 7623
05 14 01 7632
06 08 09 7638
03 05 13 7648
03 18 18 7658
04 08 01 7665
06 02 16 7675
05 06 02 7685
02 01 19 7691
06 19 20 7695
04 09 10 7696
02 02 07 7701
03 13 12 7711
02 19 15 7714
03 02 20 7721
06 20 18 7724
06 19 03 7727
06 17 02 7734
04 05 06 7735
05 17 10 7736
06 11 16 7742
05 04 07 7747
06 19 16 7754
02 18 02 7759
06 07 07 7765
06 12 19 7770
05 11 03 7772
02 18 02 7777
04 17 13 7786
04 08 07 7791
05 02 12 7796
02 06 05 7806
05 07 12 7807
04 05 14 7815
03 13 19 7825
04 17 05 7835
05 19 15 7841
05 18 07 7845
03 05 10 7853
03 19 14 7857
06 17 13 7866
03 13 05 7872
02 18 03 7879
06 15 06 7887
05 10 19 7890
04 10 14 7896
03 18 14 7899
04 03 11 7907
05 07 10 7917
05 01 14 7923
03 16 18 7928
06 15 05 7935
06 03 16 7941
03 01 20 7947
03 10 04 7957
06 05 09 7962
05 20 20 7968
04 08 18 7975
06 14 18 7982
03 16 03 7991
04 14 20 8001
04 12 20 8004
05 07 19 8013
02 06 16 8020
06 15 07 8030
05 05 08 8033
02 12 04 8036
06 11 14 8039
04 14 20 8040
02 14 18 8044
05 03 18 8049
03 05 03 8058
02 11 20 8063
04 20 14 8072
03 04 05 8080
04 12 03 8088
04 14 06 8092
04 17 13 8102
05 01 10 8109
03 05 15 8110
03 05 02 8113
04 15 10 8119
05 13 06 8124
05 19 16 8132
05 02 03 8140
06 06 12 8144
05 05 14 8149
02 10 05 8154
05 17 13 8162
03 20 12 8164
04 08 02 8174
02 12 06 8177
06 17 16 8180
05 01 01 8186
06 11 05 8189
03 07 16 8198
03 16 07 8200
06 13 01 8206
05 05 17 8210
03 17 06 8212
05 11 02 8222
02 08 13 8228
03 18 18 8233
05 05 04 8236
05 08 07 8237
04 19 11 8242
03 03 15 8247
05 07 02 8255
02 20 07 8264
02 14 14 8268
05 13 02 8273
05 02 05 8275
04 02 05 8277
03 19 13 8286
06 03 08 8290
05 17 08 8299
04 03 18 8302
02 15 02 8304
04 07 04 8314
04 11 06 8321
06 18 06 8323
04 14 17 8327
03 06 18 8337
05 20 01 8342
03 15 16 8351
06 07 08 8357
06 09 09 8365
04 12 18 8370
05 16 18 8373
02 02 02 8375
03 02 12 8378
03 11 15 8379
02 15 06 8380
03 01 09 8381
03 05 13 8384
05 09 03 8386
06 03 01 8394
04 13 09 8396
05 01 09 8405
06 09 06 8406
05 05 06 8412
02 07 20 8419
03 04 10 8420
02 05 17 8427
03 19 20 8431
05 12 10 8436
02 13 01 8437
04 02 05 8442
04 01 05 8451
05 07 10 8455
05 01 06 8460
04 15 02 8463
06 10 05 8468
04 17 10 8471
04 16 04 8472
06 19 05 8475
02 15 12 8477
05 08 08 8484
03 05 15 8485
05 06 01 8489
04 20 03 8499
06 03 07 8500
02 10 08 8503
03 11 07 8510
04 08 11 8518
04 13 03 8527
06 12 14 8529
04 13 06 8536
03 13 18 8542
06 03 19 8545
03 05 10 8548
02 19 07 8556
05 18 08 8557
06 10 06 8566
04 20 17 8571
05 17 09 8575
05 16 05 8585
03 02 14 8593
02 04 09 8595
06 16 15 8601
02 12 09 8609
06 01 06 8614
06 05 06 8623
06 19 13 8625
06 09 18 8630
05 11 01 8633
04 10 10 8635
03 17 16 8645
02 15 03 8650
02 13 12 8655
03 18 06 8661
02 06 17 8668
03 20 03 8669
02 03 03 8676
06 06 11 8685
04 13 17 8694
02 13 15 8702
02 02 06 8705
06 15 02 8712
03 04 06 8713
02 01 19 8717
03 01 15 8723
04 02 18 8731
04 02 07 8733
05 12 14 8741
03 01 17 8750
06 12 12 8752
03 16 16 8755
04 13 07 8765
02 06 02 8771
04 01 07 8779
04 19 19 8783
02 14 12 8793
04 07 20 8802
06 13 16 8805
02 09 03 8815
05 15 15 8817
04 06 10 8818
04 03 01 8825
02 02 01 8832
06 10 07 8838
02 15 10 8841
02 12 06 8846
04 05 07 8851
05 16 04 8854
05 13 14 8861
03 20 02 8865
06 04 02 8871
05 10 04 8874
05 10 13 8878
05 17 19 8881
02 03 07 8889
06 18 04 8899
04 12 14 8908
05 07 07 8918
06 10 10 8922
02 08 12 8928
03 20 16 8937
06 10 03 8940
02 12 05 8945
06 12 16 8950
02 07 12 8953
04 09 14 8963
04 09 18 8966
03 20 02 8967
02 15 13 8977
02 07 03 8980
06 11 14 8987
04 10 05 8993
04 02 14 8994
04 14 13 9002
03 01 20 9004
02 05 11 9010
06 13 20 9014
03 02 07 9021
03 09 15 9023
03 07 15 9030
02 19 19 9032
04 01 04 9042
06 06 05 9051
03 01 19 9054
06 03 15 9060
06 09 10 9061
05 01 10 9066
04 19 08 9073
06 20 05 9075
03 08 02 9080
03 11 15 9081
04 04 08 9086
03 10 09 9087
06 10 09 9091
04 04 05 9092
04 03 02 9093
02 16 03 9098
02 09 09 9099
06 07 19 9101
03 06 01 9108
05 03 02 9110
02 10 13 9116
06 07 09 9120
04 08 11 9122
04 04 16 9129
05 15 20 9130
04 19 18 9140
05 06 07 9147
04 12 09 9153
02 08 17 9156
06 06 06 9158
02 15 01 9167
05 02 16 9173
02 18 13 9176
05 09 14 9183
06 18 07 9187
06 13 04 9192
03 05 18 9197
05 07 07 9199
02 09 17 9201
02 01 16 9211
03 14 03 9217
02 05 06 9223
05 10 08 9225
02 08 19 9229
02 03 05 9236
06 19 12 9244
05 11 13 9252
03 01 02 9257
06 10 07 9259
04 15 04 9262
06 17 14 9271
06 14 15 9280
03 02 09 9289
03 11 02 9290
03 03 01 9294
06 07 17 9304
05 05 18 9309
03 02 02 9313
04 03 07 9322
06 12 16 9327
03 08 09 9330
02 17 11 9331
04 17 04 9335
03 10 20 9344
03 17 03 9350
05 05 03 9351
06 11 04 9354
05 09 17 9355
06 05 06 9362
02 16 02 9363
05 07 04 9366
03 09 12 9367
03 06 18 9374
02 04 19 9381
04 15 16 9388
05 03 06 9391
03 01 04 9397
02 05 06 9403
03 13 20 9409
06 04 02 9417
04 18 09 9424
03 10 07 9432
05 10 15 9437
04 09 19 9444
02 18 02 9449
05 10 20 9452
03 04 12 9457
05 20 11 9464
02 05 04 9470
05 04 05 9474
05 12 20 9479
04 11 06 9488
05 18 18 9494
06 17 07 9498
06 05 04 9507
06 20 18 9510
02 14 08 9515
06 10 10 9519
04 13 06 9529
03 20 13 9531
02 02 06 9534
04 11 16 9542
05 03 04 9552
02 05 03 9554
05 01 04 9563
02 18 13 9564
05 10 05 9565
03 17 16 9574
04 04 18 9575
02 13 13 9584
04 12 13 9588
02 11 03 9592
06 09 08 9600
04 05 04 9608
02 20 18 9613
06 18 02 9623
02 08 16 9624
05 02 14 9634
04 08 02 9639
02 05 09 9641
04 16 13 9644
05 08 19 9646
02 13 14 9654
05 08 20 9656
02 12 05 9657
03 04 09 9662
05 12 09 9670
03 01 09 9678
05 07 06 9680
06 14 07 9685
04 17 03 9692
06 07 07 9696
06 13 06 9704
04 12 14 9714
02 16 07 9723
03 20 06 9732
05 03 18 9740
06 18 12 9741
06 02 08 9744
04 08 10 9751
04 13 15 9760
03 11 15 9769
02 20 17 9773
05 16 13 9776
02 08 11 9784
04 20 09 9791
05 19 02 9792
04 04 17 9796
04 12 06 9805
03 10 03 9814
04 12 08 9819
03 11 15 9827
06 01 10 9835
02 09 12 9836
05 10 09 9843
04 11 04 9850
02 11 08 9859
02 19 09 9863
02 05 19 9866
03 14 05 9869
04 11 14 9872
05 09 10 9880
04 15 13 9890
02 02 11 9895
04 07 06 9900
03 18 18 9903
03 12 18 9905
06 17 07 9913
03 08 04 9920
03 06 19 9921
05 01 10 9922
04 14 06 9926
06 03 12 9928
06 13 07 9934
05 07 13 9944
03 09 04 9951
04 04 01 9959
06 10 08 9962
04 13 01 9964
06 09 15 9970
02 05 02 9975
06 16 07 9976
03 13 01 9986
04 12 07 9994
03 07 04 9997
03 16 17 9998
04 18 14 10001
04 09 16 10010
03 09 01 10013
05 20 15 10020
05 14 18 10027
03 20 15 10034
05 08 12 10038
04 11 03 10043
02 03 13 10049
05 20 18 10053
05 05 13 10055
05 09 01 10058
02 19 20 10060
02 20 16 10070
04 16 10 10071
03 11 05 10074
03 20 15 10075
02 13 09 10085
04 08 02 10087
03 20 16 10092
03 18 08 10099
02 12 06 10101
04 16 08 10104
06 03 16 10106
02 07 13 10113
05 04 07 10123
03 16 10 10133
03 04 03 10140
05 11 07 10142
05 14 07 10150
06 06 06 10160
02 01 16 10165
05 12 12 10169
04 02 07 10176
04 12 03 10186
02 02 10 10190
05 09 08 10197
05 09 13 10198
04 09 19 10199
04 11 13 10204
05 05 13 10207
06 08 05 10213
05 13 01 10221
02 20 02 10223
02 11 09 10228
02 08 03 10231
03 19 06 10241
03 11 11 10244
02 15 16 10248
02 14 08 10252
05 11 09 10256
04 03 20 10263
02 10 15 10273
05 17 14 10282
06 03 07 10290
02 06 08 10297
04 15 01 10307
03 13 19 10315
03 20 07 10316
06 19 17 10321
05 10 05 10324
03 16 12 10331
06 16 11 10339
03 17 13 10343
02 03 15 10349
04 06 14 10354
06 18 01 10359
06 07 13 10360
04 07 20 10362
05 19 07 10366
02 12 13 10370
05 18 13 10379
04 07 05 10386
06 16 01 10389
02 10 01 10393
02 20 02 10401
02 18 02 10408
05 03 09 10410
05 14 07 10419
06 19 17 10421
06 02 12 10430
04 12 09 10434
06 11 08 10439
02 16 16 10448
06 19 19 10453
06 06 11 10460
02 05 06 10466
05 02 12 10469
06 13 05 10476
05 08 15 10486
03 02 19 10492
06 09 17 10501
03 08 04 10511
06 16 17 10517
06 18 14 10525
06 08 15 10528
05 12 08 10533
04 16 04 10540
04 02 16 10541
04 09 10 10542
02 02 20 10552
05 11 12 10557
05 09 04 10562
06 03 06 10563
03 04 13 10566
05 16 14 10576
04 19 08 10583
02 08 19 10592
02 10 04 10598
03 20 01 10607
02 06 05 10612
04 04 09 10620
02 03 03 10621
06 03 05 10629
02 18 10 10630
04 18 17 10636
02 12 08 10644
04 07 11 10649
04 06 12 10655
06 19 18 10662
02 12 10 10665
06 04 16 10669
05 19 06 10671
02 10 05 10681
04 09 07 10689
05 18 10 10691
03 04 02 10698
04 18 06 10704
02 20 11 10711
05 02 06 10713
03 07 13 10717
03 09 09 10722
02 07 17 10728
06 14 03 10735
03 06 04 10744
04 02 19 10745
06 19 03 10752
05 15 01 10761
04 12 18 10770
03 07 10 10777
05 11 03 10782
06 16 15 10791
04 17 03 10794