1.0	0	0	0	0.0	0.0	0.0	0	0	0	NaN	NaN	NaN	NaN	NaN	0	NaN	NaN	0	0	0
2.0	10	0	69	1.6	48.8	5.5	6	750800	0	NaN	NaN	NaN	NaN	NaN	0	NaN	NaN	2338000	289000	5949000
3.0	8	0	71	1.625	13.0	1.0	4	365000	0	NaN	NaN	NaN	NaN	NaN	0	NaN	NaN	2920500	268000	11391000
4.0	4	0	18	2.25	48.0	1.0	2	216000	0	NaN	NaN	NaN	NaN	NaN	0	NaN	NaN	1569500	303000	3328000
5.0	14	0	57	1.5714285714285714	38.285714285714285	4.214285714285714	8	232000	0	NaN	NaN	NaN	NaN	NaN	0	NaN	NaN	1501785	234000	4203000
6.0	14	0	67	1.5	54.285714285714285	4.214285714285714	7	1000857	0	NaN	NaN	NaN	NaN	NaN	0	NaN	NaN	1717928	254000	4798000
7.0	8	0	72	1.375	27.75	3.09375	2	985000	0	NaN	NaN	NaN	NaN	NaN	0	NaN	NaN	2966375	290000	9295000
8.0	6	0	36	1.0	16.0	2.0	0	1434666	0	NaN	NaN	NaN	NaN	NaN	0	NaN	NaN	2049333	287000	5100000
9.0	1	0	0	2.0	16.0	1.0	0	128000	0	NaN	NaN	NaN	NaN	NaN	0	NaN	NaN	0	0	0
10.0	18	0	64	1.0555555555555556	8.722222222222221	1.0	2	2588444	0	NaN	NaN	NaN	NaN	NaN	0	NaN	NaN	1349500	257000	7778000
11.0	10	0	75	1.5	52.2	6.125	4	216800	0	NaN	NaN	NaN	NaN	NaN	0	NaN	NaN	2519600	247000	14093000
12.0	6	0	72	2.3333333333333335	70.5	4.979166666666667	4	322666	0	NaN	NaN	NaN	NaN	NaN	0	NaN	NaN	3856666	325000	16524000
13.0	9	0	59	1.4444444444444444	11.555555555555555	1.0	3	560000	0	NaN	NaN	NaN	NaN	NaN	0	NaN	NaN	2232555	343000	5736000
14.0	3	0	9	2.0	16.0	1.0	0	1034666	0	NaN	NaN	NaN	NaN	NaN	0	NaN	NaN	1084333	1505000	1748000
15.0	13	0	67	1.1538461538461537	18.46153846153846	2.1538461538461537	3	769846	0	NaN	NaN	NaN	NaN	NaN	0	NaN	NaN	1824000	256000	8685000
16.0	14	0	70	1.0714285714285714	17.142857142857142	2.0714285714285716	1	2330857	0	NaN	NaN	NaN	NaN	NaN	0	NaN	NaN	1777928	258000	3595000
17.0	8	0	76	1.25	59.625	5.328125	3	1301000	0	NaN	NaN	NaN	NaN	NaN	0	NaN	NaN	3112125	853000	6284000
18.0	13	0	66	1.2307692307692308	24.384615384615383	1.6634615384615385	2	689230	0	NaN	NaN	NaN	NaN	NaN	0	NaN	NaN	1800230	301000	9857000
19.0	7	0	74	1.1428571428571428	26.714285714285715	3.1964285714285716	2	427428	0	NaN	NaN	NaN	NaN	NaN	0	NaN	NaN	3429142	299000	9960000
20.0	12	0	29	1.3333333333333333	40.666666666666664	2.25	2	1947000	0	NaN	NaN	NaN	NaN	NaN	0	NaN	NaN	1004250	293000	2414000
21.0	3	0	43	2.3333333333333335	98.66666666666667	6.0	1	194666	0	NaN	NaN	NaN	NaN	NaN	0	NaN	NaN	4504333	2102000	11411000
22.0	15	0	58	1.1333333333333333	9.066666666666666	1.0	2	1701333	0	NaN	NaN	NaN	NaN	NaN	0	NaN	NaN	1440400	271000	5403000
23.0	6	0	74	2.1666666666666665	37.333333333333336	3.5	4	342000	0	NaN	NaN	NaN	NaN	NaN	0	NaN	NaN	3951166	288000	7816000
24.0	15	0	67	1.2	18.533333333333335	2.1166666666666667	2	1750400	0	NaN	NaN	NaN	NaN	NaN	0	NaN	NaN	1619866	260000	5686000
25.0	6	0	61	2.0	76.0	6.0	3	773333	0	NaN	NaN	NaN	NaN	NaN	0	NaN	NaN	3308000	1482000	6903000
26.0	18	0	60	1.2222222222222223	10.444444444444445	1.0833333333333333	7	690666	0	NaN	NaN	NaN	NaN	NaN	0	NaN	NaN	1281833	259000	5087000
27.0	8	0	65	1.5	21.625	2.203125	3	481000	0	NaN	NaN	NaN	NaN	NaN	0	NaN	NaN	2698250	317000	8698000
28.0	12	0	66	1.0833333333333333	28.666666666666668	3.5	1	1382000	0	NaN	NaN	NaN	NaN	NaN	0	NaN	NaN	1921416	304000	5680000
29.0	4	0	56	2.5	20.0	1.0	3	180000	0	NaN	NaN	NaN	NaN	NaN	0	NaN	NaN	4426500	4494000	7242000
30.0	15	0	69	1.4	15.8	1.575	5	527466	0	NaN	NaN	NaN	NaN	NaN	0	NaN	NaN	1660400	258000	6891000
31.0	8	0	71	1.25	25.0	2.875	3	354000	0	NaN	NaN	NaN	NaN	NaN	0	NaN	NaN	2928500	565000	7515000
32.0	11	0	67	1.7272727272727273	41.54545454545455	4.465909090909091	7	344727	0	NaN	NaN	NaN	NaN	NaN	0	NaN	NaN	2100636	239000	6903000
33.0	2	0	8	2.0	16.0	1.0	1	80000	0	NaN	NaN	NaN	NaN	NaN	0	NaN	NaN	1356500	2713000	2713000
34.0	6	0	66	2.1666666666666665	37.333333333333336	3.5	4	120000	0	NaN	NaN	NaN	NaN	NaN	0	NaN	NaN	3546833	273000	8984000
35.0	11	0	72	1.3636363636363635	45.63636363636363	5.340909090909091	7	381090	0	NaN	NaN	NaN	NaN	NaN	0	NaN	NaN	2235545	881000	5400000
36.0	9	0	69	1.7777777777777777	54.22222222222222	6.0	7	108444	0	NaN	NaN	NaN	NaN	NaN	0	NaN	NaN	2568444	615000	6608000
37.0	13	0	69	1.5384615384615385	49.23076923076923	5.615384615384615	7	385230	0	NaN	NaN	NaN	NaN	NaN	0	NaN	NaN	1869153	280000	10224000
38.0	14	0	61	1.3571428571428572	36.57142857142857	3.142857142857143	5	935714	0	NaN	NaN	NaN	NaN	NaN	0	NaN	NaN	1586285	260000	4479000
39.0	3	0	72	2.0	96.0	11.0	2	32000	0	NaN	NaN	NaN	NaN	NaN	0	NaN	NaN	7420000	2727000	19533000
40.0	13	0	68	1.6153846153846154	40.0	4.3076923076923075	8	387692	0	NaN	NaN	NaN	NaN	NaN	0	NaN	NaN	1850846	255000	5451000
41.0	5	0	79	2.0	24.0	2.0	3	648000	0	NaN	NaN	NaN	NaN	NaN	0	NaN	NaN	4976600	1199000	16151000
42.0	9	0	76	1.3333333333333333	41.111111111111114	3.138888888888889	3	1013333	0	NaN	NaN	NaN	NaN	NaN	0	NaN	NaN	2801777	599000	7764000
43.0	1	0	0	4.0	32.0	1.0	0	8000	0	NaN	NaN	NaN	NaN	NaN	0	NaN	NaN	0	0	0
44.0	10	0	66	1.5	12.0	1.0	4	477600	0	NaN	NaN	NaN	NaN	NaN	0	NaN	NaN	2254800	257000	6939000
45.0	7	0	67	1.5714285714285714	19.0	1.8035714285714286	5	644571	0	NaN	NaN	NaN	NaN	NaN	0	NaN	NaN	3136428	1188000	6034000
46.0	4	0	65	2.25	49.25	4.90625	3	202000	0	NaN	NaN	NaN	NaN	NaN	0	NaN	NaN	5092250	1166000	15017000
47.0	7	0	75	1.4285714285714286	12.857142857142858	1.1785714285714286	3	221714	0	NaN	NaN	NaN	NaN	NaN	0	NaN	NaN	3463857	304000	11666000
48.0	20	0	61	1.2	16.8	1.9	4	1381600	0	NaN	NaN	NaN	NaN	NaN	0	NaN	NaN	1198700	260000	2980000
49.0	8	0	66	1.0	23.75	2.96875	0	1513000	0	NaN	NaN	NaN	NaN	NaN	0	NaN	NaN	2742250	292000	8138000
50.0	8	0	67	1.875	16.0	1.0	4	250000	0	NaN	NaN	NaN	NaN	NaN	0	NaN	NaN	2770750	564000	6002000
51.0	12	0	73	1.25	30.833333333333332	3.6041666666666665	4	521333	0	NaN	NaN	NaN	NaN	NaN	0	NaN	NaN	2099083	279000	7510000
52.0	9	0	62	1.5555555555555556	65.77777777777777	6.0	4	342222	0	NaN	NaN	NaN	NaN	NaN	0	NaN	NaN	2337000	259000	6329000
53.0	11	0	72	1.6363636363636365	34.90909090909091	3.727272727272727	8	240000	0	NaN	NaN	NaN	NaN	NaN	0	NaN	NaN	2236090	559000	6044000
54.0	14	0	55	1.0714285714285714	12.857142857142858	1.4642857142857142	2	961142	0	NaN	NaN	NaN	NaN	NaN	0	NaN	NaN	1457214	285000	5984000
55.0	9	0	73	1.4444444444444444	64.88888888888889	6.0	5	877333	0	NaN	NaN	NaN	NaN	NaN	0	NaN	NaN	2700444	581000	8087000
56.0	6	0	63	2.0	86.66666666666667	10.0	5	333333	0	NaN	NaN	NaN	NaN	NaN	0	NaN	NaN	3399166	1463000	6335000
57.0	16	0	58	1.0	8.0	1.0	0	2297750	0	NaN	NaN	NaN	NaN	NaN	0	NaN	NaN	1368750	297000	4782000
58.0	10	0	68	1.6	49.4	5.575	6	175200	0	NaN	NaN	NaN	NaN	NaN	0	NaN	NaN	2309400	252000	6866000
59.0	12	0	57	1.5	42.333333333333336	4.625	7	510000	0	NaN	NaN	NaN	NaN	NaN	0	NaN	NaN	1700500	316000	4498000
60.0	15	0	69	1.4	50.333333333333336	4.891666666666667	7	1353066	0	NaN	NaN	NaN	NaN	NaN	0	NaN	NaN	1662133	274000	8408000
61.0	9	0	75	1.5555555555555556	25.77777777777778	2.6666666666666665	3	308000	0	NaN	NaN	NaN	NaN	NaN	0	NaN	NaN	2765777	239000	10848000
62.0	8	0	69	1.25	16.375	1.796875	2	846000	0	NaN	NaN	NaN	NaN	NaN	0	NaN	NaN	2849625	301000	15292000
63.0	12	0	71	1.4166666666666667	14.333333333333334	1.375	3	1279000	0	NaN	NaN	NaN	NaN	NaN	0	NaN	NaN	2045166	354000	6265000
64.0	4	0	22	2.0	76.0	4.75	1	1541000	0	NaN	NaN	NaN	NaN	NaN	0	NaN	NaN	1887750	1197000	4239000
65.0	2	0	7	2.5	263.5	0.5	1	68000	0	NaN	NaN	NaN	NaN	NaN	0	NaN	NaN	1219500	2439000	2439000
66.0	7	0	74	1.5714285714285714	29.714285714285715	1.0	4	324571	0	NaN	NaN	NaN	NaN	NaN	0	NaN	NaN	3425714	305000	17358000
67.0	9	0	74	1.3333333333333333	40.22222222222222	3.0277777777777777	3	1405333	0	NaN	NaN	NaN	NaN	NaN	0	NaN	NaN	2732555	280000	7248000
68.0	7	0	65	1.7142857142857142	66.28571428571429	5.428571428571429	5	114285	0	NaN	NaN	NaN	NaN	NaN	0	NaN	NaN	3039142	596000	11728000
69.0	11	0	70	1.0	18.90909090909091	2.3636363636363638	0	1311272	0	NaN	NaN	NaN	NaN	NaN	0	NaN	NaN	2181090	250000	11141000
70.0	11	0	72	1.8181818181818181	25.454545454545453	2.3636363636363638	7	275636	0	NaN	NaN	NaN	NaN	NaN	0	NaN	NaN	2238363	274000	5677000
71.0	10	0	70	1.3	58.4	7.0	5	473600	0	NaN	NaN	NaN	NaN	NaN	0	NaN	NaN	2369400	318000	7494000
72.0	14	0	67	1.3571428571428572	26.214285714285715	1.7767857142857142	6	429714	0	NaN	NaN	NaN	NaN	NaN	0	NaN	NaN	1713000	269000	6886000
73.0	5	0	71	1.4	11.2	1.0	2	1648000	0	NaN	NaN	NaN	NaN	NaN	0	NaN	NaN	4503000	4489000	7805000
74.0	5	0	68	2.0	112.0	7.0	4	107200	0	NaN	NaN	NaN	NaN	NaN	0	NaN	NaN	4321600	1165000	9941000
75.0	5	0	79	2.0	61.6	6.7	4	73600	0	NaN	NaN	NaN	NaN	NaN	0	NaN	NaN	4974000	1547000	11350000
76.0	12	0	73	1.3333333333333333	43.25	4.989583333333333	8	449333	0	NaN	NaN	NaN	NaN	NaN	0	NaN	NaN	2096666	267000	4491000
77.0	7	0	76	2.0	121.85714285714286	9.946428571428571	6	43428	0	NaN	NaN	NaN	NaN	NaN	0	NaN	NaN	3515285	1204000	8352000
78.0	12	0	53	1.5	42.0	4.75	5	1002333	0	NaN	NaN	NaN	NaN	NaN	0	NaN	NaN	1606916	280000	5757000
79.0	8	0	59	1.5	57.0	2.875	3	924500	0	NaN	NaN	NaN	NaN	NaN	0	NaN	NaN	2476750	284000	12002000
80.0	6	0	72	2.1666666666666665	125.0	11.791666666666666	5	19333	0	NaN	NaN	NaN	NaN	NaN	0	NaN	NaN	3857000	1760000	6321000
81.0	15	0	62	1.7333333333333334	48.4	5.316666666666666	12	140266	0	NaN	NaN	NaN	NaN	NaN	0	NaN	NaN	1521066	283000	6598000
82.0	10	0	66	1.4	27.0	2.975	4	766400	0	NaN	NaN	NaN	NaN	NaN	0	NaN	NaN	2250200	316000	8459000
83.0	17	0	63	1.0588235294117647	25.0	3.125	0	1072235	0	NaN	NaN	NaN	NaN	NaN	0	NaN	NaN	1393941	259000	5433000
84.0	13	0	64	1.6923076923076923	50.69230769230769	5.615384615384615	8	283076	0	NaN	NaN	NaN	NaN	NaN	0	NaN	NaN	1751846	306000	5077000
85.0	13	0	64	1.4615384615384615	30.923076923076923	2.25	6	698153	0	NaN	NaN	NaN	NaN	NaN	0	NaN	NaN	1754000	258000	4172000
86.0	12	0	62	1.1666666666666667	29.333333333333332	3.5	1	1593333	0	NaN	NaN	NaN	NaN	NaN	0	NaN	NaN	1823833	295000	8079000
87.0	9	0	74	1.6666666666666667	40.888888888888886	4.333333333333333	5	302222	0	NaN	NaN	NaN	NaN	NaN	0	NaN	NaN	2736444	266000	10238000
88.0	19	0	66	1.368421052631579	17.68421052631579	1.7894736842105263	5	2058947	0	NaN	NaN	NaN	NaN	NaN	0	NaN	NaN	1326631	288000	4235000
89.0	16	0	67	1.5	20.0	1.9375	7	1684000	0	NaN	NaN	NaN	NaN	NaN	0	NaN	NaN	1537625	287000	5441000
90.0	4	0	29	2.25	135.75	0.75	2	549000	0	NaN	NaN	NaN	NaN	NaN	0	NaN	NaN	2402000	1814000	5736000
91.0	10	0	69	1.1	35.9	4.3875	1	944800	0	NaN	NaN	NaN	NaN	NaN	0	NaN	NaN	2340600	266000	5990000
92.0	7	0	16	1.2857142857142858	61.714285714285715	3.142857142857143	1	960571	0	NaN	NaN	NaN	NaN	NaN	0	NaN	NaN	945428	271000	4225000
93.0	8	0	67	1.75	89.375	8.546875	6	658000	0	NaN	NaN	NaN	NaN	NaN	0	NaN	NaN	2775875	280000	8998000
94.0	3	0	53	2.0	16.0	1.0	2	32000	0	NaN	NaN	NaN	NaN	NaN	0	NaN	NaN	5494333	2724000	13759000
95.0	7	0	58	1.5714285714285714	12.571428571428571	1.0	3	571428	0	NaN	NaN	NaN	NaN	NaN	0	NaN	NaN	2737142	281000	10493000
96.0	7	0	73	1.4285714285714286	31.0	3.3214285714285716	2	618285	0	NaN	NaN	NaN	NaN	NaN	0	NaN	NaN	3387428	299000	8103000
97.0	8	0	65	1.25	40.0	4.75	3	569000	0	NaN	NaN	NaN	NaN	NaN	0	NaN	NaN	2702375	302000	7790000
98.0	6	0	74	2.3333333333333335	58.666666666666664	3.5	3	696000	0	NaN	NaN	NaN	NaN	NaN	0	NaN	NaN	3955333	324000	14731000
99.0	7	0	66	2.0	50.285714285714285	3.142857142857143	4	180571	0	NaN	NaN	NaN	NaN	NaN	0	NaN	NaN	3087714	318000	7522000
100.0	8	0	77	1.125	39.0	2.875	1	688000	0	NaN	NaN	NaN	NaN	NaN	0	NaN	NaN	3148125	606000	9280000
Avg	9.353535353535353	0.0	61.484848484848484	1.5984520490055716	42.15975741725344	3.496561441836562	3.707070707070707	708421	0.0	NaN	NaN	NaN	NaN	NaN	0	NaN	NaN	2504304	646061	7594869
