0 601026.1624303494 NaN 2144
1 1808406.0395851585 1.6050538007540727 7875
2 1828360.8479678347 1.7754560482056458 8082
3 1811778.2767957565 1.7097267487538428 8212
4 1821467.1904580174 1.7432479001971704 8260
5 1826745.417963083 1.8002717825437278 8342
6 1865684.54512785 1.7419383043382455 8260
7 1821604.4304010598 1.6754996002760716 7971
8 1768938.9714129104 1.6106082534051156 7762
9 1844109.4664266694 1.7697470435823985 8490
10 1834372.2252851655 1.7477865575961722 8108
11 1783769.9952343795 1.7873239738540043 7995
12 1823765.2653755946 1.7678990402338426 8277
13 1810998.6336720842 1.6533434100509303 7856
14 1746891.0953719032 1.6793449625479735 7693
15 1811505.3299795112 1.6932441648850152 8025
16 1812445.5079730595 1.840401836169234 8410
17 1866487.6317108588 1.6158418979000881 8060
18 1862314.5664358947 1.6806124188763585 8212
19 1829282.9194831878 1.665531031570982 8133
20 1786217.5715175564 1.8347368965715098 8348
21 1803215.3151378278 1.6863238342160647 7977
22 1787484.0850850942 1.6134113202226796 7676
23 1856346.2328755048 1.5713037848838258 7847
24 1805933.643983423 1.684130038023914 7889
25 1860149.0609499863 1.645689621520562 8129
26 1876780.7608805797 1.7176615166218578 8287
27 1868712.248751517 1.7791374881798419 8515
28 1798940.747963611 1.7865753978492949 8183
29 1834730.0903446137 1.6022446475207124 7897
30 1838541.1300851016 1.846946639129459 8507
31 1794699.633130861 1.7432165660919647 8143
32 1807629.8000975745 1.7092093063518783 7987
33 1773119.1404153213 1.7774599835129186 8078
34 1867888.122086364 1.6246366733483983 8117
35 1873866.2299342728 1.6915610571090784 8363
36 1809027.4598087282 1.7070765084874064 7849
37 1797447.625574644 1.5706335394707878 7718
38 1840750.8461670554 1.7454246624257521 8208
39 1858926.484651465 1.7624970605649382 8466
40 1845022.2469730014 1.7385899178424349 8335
41 1797188.4258527409 1.678930118638422 7874
42 1784430.8074801976 1.7016020065731765 7924
43 1835355.143865765 1.6729541864496227 8121
44 1894669.3076301073 1.8604086734545937 8827
45 1827532.8592467778 1.7923546147921603 8330
46 1795234.5735822432 1.764533735565516 7991
47 1872400.6634780394 1.7350284820515818 8420
48 1788971.9880223144 1.7596978510534773 8113
49 1822829.1677162312 1.6612783073604 8032
50 1808710.6058543893 1.660980262586029 8189
51 1830154.1284434232 1.64472599487225 8013
52 1782630.1976252832 1.600535612360791 7764
53 1846411.130987722 1.682748858248785 8247
54 1784733.0039489898 1.8071330582896257 8152
55 1818834.2930674364 1.7852864670035609 8268
56 1880508.2276187278 1.794555111893876 8453
57 1880574.135854509 1.8119480341004253 8597
58 1806467.68091186 1.6304521456318846 7908
59 1802386.054425596 1.6812191913002763 8034
60 1853610.1451819397 1.7958139214725948 8428
61 1850040.9849147825 1.7084029219625227 8136
62 1889425.7950871517 1.7728647437633214 8624
63 1814562.34629642 1.7804461452285418 8309
64 1797376.9812525806 1.6622304787475926 7911
65 1861375.1967757782 1.7119955732001326 8347
66 1857024.1352045028 1.7301589697433493 8293
67 1798414.912644106 1.7656984488413303 8199
68 1836973.5778457967 1.7221841520477348 8290
69 1817339.6662037913 1.6829555925405564 8068
70 1767193.7249439103 1.6789188081837074 7970
71 1831459.8852203302 1.69964088289362 8188
72 1827370.6581221225 1.7802938633813425 8276
73 1736729.244307351 1.595835426491369 7501
74 1821702.2980852982 1.809272765353031 8420
75 1832176.3715901019 1.6328611222369287 7843
76 1872635.7284681215 1.5979343753065085 8149
77 1856957.3185196565 1.6160327608298115 8013
78 1855808.5642444205 1.648027553061362 8056
79 1786141.8025038438 1.6885761558182608 8040
80 1860393.1595286685 1.7136355899288167 8351
81 1812700.1731742357 1.6990173429589503 8147
82 1785950.5807464023 1.5874046681306346 7663
83 1813581.4143490293 1.7199386977931015 7964
84 1869920.3771264781 1.6807914902036676 8250
85 1864157.5228942593 1.821518833757183 8539
86 1740857.3980694155 1.74573827676042 7861
87 1822255.5621913758 1.7179001828013285 8189
88 1828381.3603257257 1.7840669285541497 8348
89 1875444.0271431047 1.7359501990456196 8274
90 1786158.8823531263 1.688563456657985 7872
91 1787803.4385674242 1.669380164578527 7662
92 1884826.2640766557 1.782131099385964 8455
93 1814917.4302833085 1.600154927708341 7894
94 1850968.2141301748 1.7755374193510263 8362
95 1818848.4825937068 1.772961080177168 8264
96 1782989.3109021008 1.6844269023291607 8029
97 1813753.1413696485 1.6658833721735826 7933
98 1821961.8381816028 1.681912932872435 8118
99 1899590.934146054 1.6649291378020057 8403
0 601026.1624303494 NaN 2144
1 1808406.0395851585 1.6050538007540727 7875
2 1828360.8479678347 1.7754560482056458 8082
3 1811778.2767957565 1.7097267487538428 8212
4 1821467.1904580174 1.7432479001971704 8260
5 1826745.417963083 1.8002717825437278 8342
6 1865684.54512785 1.7419383043382455 8260
7 1821604.4304010598 1.6754996002760716 7971
8 1768938.9714129104 1.6106082534051156 7762
9 1844109.4664266694 1.7697470435823985 8490
10 1834372.2252851655 1.7477865575961722 8108
11 1783769.9952343795 1.7873239738540043 7995
12 1823765.2653755946 1.7678990402338426 8277
13 1810998.6336720842 1.6533434100509303 7856
14 1746891.0953719032 1.6793449625479735 7693
15 1811505.3299795112 1.6932441648850152 8025
16 1812445.5079730595 1.840401836169234 8410
17 1866487.6317108588 1.6158418979000881 8060
18 1862314.5664358947 1.6806124188763585 8212
19 1829282.9194831878 1.665531031570982 8133
20 1786217.5715175564 1.8347368965715098 8348
21 1803215.3151378278 1.6863238342160647 7977
22 1787484.0850850942 1.6134113202226796 7676
23 1856346.2328755048 1.5713037848838258 7847
24 1805933.643983423 1.684130038023914 7889
25 1860149.0609499863 1.645689621520562 8129
26 1876780.7608805797 1.7176615166218578 8287
27 1868712.248751517 1.7791374881798419 8515
28 1798940.747963611 1.7865753978492949 8183
29 1834730.0903446137 1.6022446475207124 7897
30 1838541.1300851016 1.846946639129459 8507
31 1794699.633130861 1.7432165660919647 8143
32 1807629.8000975745 1.7092093063518783 7987
33 1773119.1404153213 1.7774599835129186 8078
34 1867888.122086364 1.6246366733483983 8117
35 1873866.2299342728 1.6915610571090784 8363
36 1809027.4598087282 1.7070765084874064 7849
37 1797447.625574644 1.5706335394707878 7718
38 1840750.8461670554 1.7454246624257521 8208
39 1858926.484651465 1.7624970605649382 8466
40 1845022.2469730014 1.7385899178424349 8335
41 1797188.4258527409 1.678930118638422 7874
42 1784430.8074801976 1.7016020065731765 7924
43 1835355.143865765 1.6729541864496227 8121
44 1894669.3076301073 1.8604086734545937 8827
45 1827532.8592467778 1.7923546147921603 8330
46 1795234.5735822432 1.764533735565516 7991
47 1872400.6634780394 1.7350284820515818 8420
48 1788971.9880223144 1.7596978510534773 8113
49 1822829.1677162312 1.6612783073604 8032
50 1808710.6058543893 1.660980262586029 8189
51 1830154.1284434232 1.64472599487225 8013
52 1782630.1976252832 1.600535612360791 7764
53 1846411.130987722 1.682748858248785 8247
54 1784733.0039489898 1.8071330582896257 8152
55 1818834.2930674364 1.7852864670035609 8268
56 1880508.2276187278 1.794555111893876 8453
57 1880574.135854509 1.8119480341004253 8597
58 1806467.68091186 1.6304521456318846 7908
59 1802386.054425596 1.6812191913002763 8034
60 1853610.1451819397 1.7958139214725948 8428
61 1850040.9849147825 1.7084029219625227 8136
62 1889425.7950871517 1.7728647437633214 8624
63 1814562.34629642 1.7804461452285418 8309
64 1797376.9812525806 1.6622304787475926 7911
65 1861375.1967757782 1.7119955732001326 8347
66 1857024.1352045028 1.7301589697433493 8293
67 1798414.912644106 1.7656984488413303 8199
68 1836973.5778457967 1.7221841520477348 8290
69 1817339.6662037913 1.6829555925405564 8068
70 1767193.7249439103 1.6789188081837074 7970
71 1831459.8852203302 1.69964088289362 8188
72 1827370.6581221225 1.7802938633813425 8276
73 1736729.244307351 1.595835426491369 7501
74 1821702.2980852982 1.809272765353031 8420
75 1832176.3715901019 1.6328611222369287 7843
76 1872635.7284681215 1.5979343753065085 8149
77 1856957.3185196565 1.6160327608298115 8013
78 1855808.5642444205 1.648027553061362 8056
79 1786141.8025038438 1.6885761558182608 8040
80 1860393.1595286685 1.7136355899288167 8351
81 1812700.1731742357 1.6990173429589503 8147
82 1785950.5807464023 1.5874046681306346 7663
83 1813581.4143490293 1.7199386977931015 7964
84 1869920.3771264781 1.6807914902036676 8250
85 1864157.5228942593 1.821518833757183 8539
86 1740857.3980694155 1.74573827676042 7861
87 1822255.5621913758 1.7179001828013285 8189
88 1828381.3603257257 1.7840669285541497 8348
89 1875444.0271431047 1.7359501990456196 8274
90 1786158.8823531263 1.688563456657985 7872
91 1787803.4385674242 1.669380164578527 7662
92 1884826.2640766557 1.782131099385964 8455
93 1814917.4302833085 1.600154927708341 7894
94 1850968.2141301748 1.7755374193510263 8362
95 1818848.4825937068 1.772961080177168 8264
96 1782989.3109021008 1.6844269023291607 8029
97 1813753.1413696485 1.6658833721735826 7933
98 1821961.8381816028 1.681912932872435 8118
99 1899590.934146054 1.6649291378020057 8403
