03 03 04 01
04 16 10 03
02 10 03 07
04 11 16 09
05 10 11 12
03 13 11 16
06 14 10 19
05 13 15 21
04 15 16 22
03 01 16 27
05 16 06 30
05 01 18 35
04 11 10 37
03 18 08 42
06 15 04 46
04 10 17 50
06 17 14 53
03 04 11 55
03 09 14 58
03 17 16 59
05 15 16 61
06 17 17 64
05 06 03 69
04 05 18 74
06 08 16 77
03 12 17 82
05 03 17 85
03 20 15 86
02 19 06 87
05 12 02 89
03 07 15 91
05 03 16 96
04 04 01 97
06 16 07 102
06 11 19 105
02 07 08 106
05 14 10 108
06 13 20 110
03 02 19 111
04 03 01 112
03 05 03 116
05 11 11 118
06 09 18 120
02 19 19 125
03 14 09 130
04 07 17 132
02 06 09 136
03 09 10 140
05 04 09 145
05 15 07 150
03 18 01 151
03 08 20 153
04 05 06 156
06 11 14 158
03 03 17 162
05 13 15 166
02 01 19 169
06 17 10 172
04 09 03 175
04 06 05 179
03 07 06 180
05 19 04 182
06 14 08 185
05 08 06 188
04 06 11 193
06 04 12 196
03 03 08 198
03 14 14 201
06 03 04 203
03 04 01 208
05 10 04 210
02 03 14 215
02 15 10 220
05 02 07 224
02 16 08 229
06 17 19 233
04 12 18 235
05 10 05 237
04 19 02 239
06 17 04 244
03 02 18 249
05 01 13 250
06 02 09 251
03 14 06 253
03 09 11 257
05 03 08 258
06 04 07 261
06 03 14 266
03 08 04 269
06 07 12 274
03 20 05 275
06 14 10 277
04 05 08 280
04 10 05 283
03 01 05 286
03 15 16 291
04 13 14 295
06 19 20 297
03 18 09 298
02 12 13 301
03 14 17 302
04 15 17 303
06 07 11 308
02 17 20 313
03 16 14 314
03 01 10 315
03 06 17 319
02 17 02 321
02 11 04 326
03 12 20 329
05 15 11 331
05 10 10 332
03 02 12 337
06 04 04 340
02 07 05 341
05 06 02 342
03 03 11 343
02 16 08 346
02 09 04 348
06 15 12 353
03 04 16 358
06 09 12 362
05 04 16 363
06 13 01 365
06 08 14 368
06 12 12 370
05 20 20 374
02 19 01 377
03 19 18 380
04 01 08 384
05 19 13 388
06 04 02 390
03 16 19 395
03 06 02 400
05 19 12 403
03 02 13 406
06 07 20 411
02 14 02 412
03 07 05 413
05 10 04 415
04 06 03 416
06 05 07 421
02 14 03 422
02 19 04 424
06 06 03 426
04 03 17 430
02 01 06 434
02 17 04 436
06 06 14 438
04 04 15 441
04 11 17 444
06 17 01 448
06 04 07 450
02 03 20 455
05 16 06 456
05 17 15 461
04 05 15 464
05 15 07 469
03 05 02 473
02 10 09 474
04 12 04 475
04 12 03 479
04 06 06 484
06 15 03 488
04 13 10 491
03 20 09 493
03 13 15 494
02 09 19 499
03 01 06 500
03 16 10 501
04 05 02 502
05 07 04 503
03 17 11 505
04 06 17 508
03 20 12 509
03 14 02 514
02 07 17 516
02 10 12 520
03 01 10 521
04 07 04 524
05 20 14 525
06 17 14 529
05 13 02 532
05 07 05 535
04 14 04 539
06 13 18 541
05 19 05 546
04 01 20 549
02 20 03 551
06 08 13 555
04 01 17 556
06 10 08 560
03 13 18 564
02 03 18 568
03 05 13 570
06 05 20 575
05 01 05 576
05 06 09 579
02 09 20 582
04 15 06 587
05 19 17 589
02 13 13 590
05 02 14 593
05 18 11 597
03 11 06 599
03 03 12 601
05 08 09 606
02 07 05 609
02 08 14 613
04 17 16 618
06 06 15 621
03 16 12 622
05 20 04 624
03 10 09 627
03 10 07 629
04 17 08 633
05 19 11 637
06 18 05 641
05 09 05 644
06 18 07 647
03 07 07 651
02 07 19 654
06 06 13 657
03 11 08 658
02 18 13 663
03 14 07 665
06 03 03 667
05 15 01 672
06 05 03 674
02 06 13 679
04 04 15 683
04 03 01 687
03 17 04 691
05 10 14 694
03 10 05 696
02 15 08 698
03 09 01 703
05 16 13 705
05 11 03 708
06 10 19 712
05 08 07 713
02 10 13 716
05 05 11 717
06 15 11 721
05 12 16 724
05 18 08 727
04 01 16 728
06 20 10 732
04 04 18 737
05 07 01 739
06 02 13 743
02 04 03 745
05 06 01 749
03 03 15 751
06 03 12 756
04 13 20 758
06 13 11 762
03 09 07 765
06 10 18 767
06 13 08 768
05 16 06 772
04 10 05 776
02 14 09 781
02 13 12 785
03 20 16 790
03 16 10 791
03 16 01 793
06 16 10 794
02 04 19 795
03 06 13 800
02 16 10 801
06 04 10 805
05 08 16 810
02 17 05 811
03 01 17 815
06 03 14 819
06 01 03 820
02 20 05 823
06 03 12 824
03 17 19 826
04 15 03 829
02 13 14 834
03 02 05 838
05 17 18 840
06 07 11 842
04 04 01 844
06 07 07 845
04 19 19 847
04 06 03 850
05 08 14 852
05 11 15 855
03 15 06 857
04 08 14 862
06 19 07 864
05 11 12 865
06 10 19 866
05 10 07 868
05 13 15 872
02 06 08 875
02 06 04 880
06 04 15 882
05 03 14 884
05 02 05 889
06 16 19 894
05 06 09 899
06 06 04 902
06 02 08 907
06 07 06 912
03 08 03 914
03 01 15 918
04 05 11 922
05 13 18 927
05 07 14 928
05 11 19 929
04 09 07 933
04 08 19 937
03 04 13 938
05 05 14 939
04 14 17 940
05 13 17 945
02 18 06 950
02 03 02 953
02 20 17 955
06 03 05 960
03 17 02 962
06 06 13 963
04 02 13 968
04 10 18 971
04 14 02 973
02 10 07 974
03 10 08 979
05 13 13 982
05 07 18 986
06 19 04 990
05 05 14 994
04 11 12 997
02 20 13 998
04 07 05 1003
02 16 13 1007
04 14 06 1010
03 03 17 1014
04 15 13 1016
05 02 09 1017
06 06 20 1021
02 16 18 1025
06 10 13 1028
03 09 02 1031
06 03 04 1033
02 03 07 1037
04 13 05 1041
03 12 16 1042
04 18 20 1043
05 20 07 1047
02 04 06 1050
03 02 08 1052
05 16 20 1057
06 14 08 1061
03 10 01 1062
03 13 15 1066
06 17 15 1070
02 16 20 1073
04 08 17 1077
06 19 19 1081
05 15 15 1082
06 05 06 1085
05 08 07 1087
03 13 03 1090
04 20 20 1094
06 06 13 1095
05 11 08 1099
05 10 15 1102
03 05 05 1106
03 18 19 1107
06 10 13 1108
03 10 19 1112
04 17 18 1116
04 17 01 1119
05 16 14 1123
03 07 12 1124
04 07 10 1125
03 19 11 1130
02 07 20 1132
02 17 10 1137
04 19 08 1138
06 02 19 1139
03 03 10 1143
06 17 20 1145
02 02 15 1149
02 19 08 1152
04 20 08 1155
04 20 17 1157
03 17 19 1159
04 18 16 1162
04 17 19 1164
06 01 04 1167
03 02 20 1170
02 13 13 1172
02 02 12 1177
03 14 12 1180
02 13 12 1184
04 12 20 1187
03 03 12 1191
05 10 01 1193
03 01 14 1195
02 03 15 1198
04 13 09 1199
03 11 04 1203
06 07 03 1206
06 03 18 1210
04 18 19 1213
04 14 04 1217
02 04 08 1221
05 05 12 1226
04 14 08 1231
04 02 15 1235
05 11 06 1238
03 06 13 1241
06 02 06 1246
06 10 19 1248
03 09 06 1251
02 04 06 1255
02 14 02 1256
03 05 18 1260
06 08 07 1262
06 04 12 1266
04 02 04 1268
06 11 03 1271
06 08 02 1272
02 02 18 1276
05 02 14 1279
06 13 12 1283
05 08 20 1286
05 03 04 1288
06 02 02 1290
05 17 18 1293
03 05 07 1296
05 18 12 1297
05 13 20 1300
02 07 04 1302
03 19 04 1303
03 15 03 1305
05 02 08 1309
04 03 04 1310
06 13 06 1315
03 07 03 1320
03 18 15 1323
06 03 04 1324
02 02 12 1325
03 05 15 1326
05 11 17 1329
06 15 13 1331
04 04 03 1332
02 11 16 1336
02 13 08 1341
03 13 01 1345
03 16 19 1350
03 19 15 1352
04 14 04 1354
03 04 08 1356
03 01 03 1361
02 09 01 1363
04 18 11 1364
03 05 06 1367
02 05 05 1368
05 06 08 1373
04 19 07 1376
03 09 16 1378
02 04 10 1379
05 17 14 1384
02 02 15 1389
03 13 02 1390
02 15 14 1394
03 07 20 1399
04 11 16 1401
03 13 05 1406
05 15 03 1409
02 15 01 1410
03 02 17 1411
03 17 14 1415
06 07 04 1416
05 06 18 1419
02 19 14 1423
04 08 11 1425
03 11 13 1430
05 11 16 1432
05 02 13 1435
06 19 10 1437
02 05 18 1442
03 02 09 1445
06 01 13 1449
04 10 08 1454
04 18 10 1459
03 02 10 1461
02 01 13 1465
05 13 15 1466
04 16 03 1468
02 06 05 1471
03 08 15 1476
02 08 03 1478
03 17 18 1481
04 10 08 1482
02 12 01 1487
02 08 08 1491
03 04 07 1494
04 03 15 1499
05 19 02 1501
03 07 05 1504
04 07 11 1509
03 20 03 1511
02 12 15 1513
03 02 05 1518
02 06 15 1521
04 16 13 1523
06 18 04 1525
05 01 19 1528
04 02 06 1531
05 10 19 1533
04 05 11 1536
02 13 09 1540
04 20 14 1544
04 06 11 1546
04 20 11 1549
05 13 07 1554
04 13 06 1555
06 17 01 1557
06 19 06 1559
05 13 08 1564
05 06 18 1568
05 11 10 1572
02 05 08 1576
05 14 20 1578
03 15 10 1579
06 01 07 1583
02 17 06 1584
02 13 15 1585
02 11 07 1588
06 19 11 1593
06 07 12 1598
04 10 03 1599
05 04 15 1600
05 03 13 1601
05 08 01 1603
03 17 17 1605
04 18 15 1608
03 16 02 1611
05 10 05 1616
02 11 12 1621
02 03 03 1623
04 07 11 1628
05 18 02 1633
04 03 07 1634
03 20 08 1639
03 06 03 1642
04 16 05 1643
02 20 10 1646
06 15 04 1648
02 05 01 1650
03 07 01 1653
04 20 19 1656
04 09 02 1658
03 13 19 1660
05 17 13 1663
02 01 09 1668
02 03 10 1669
06 11 19 1670
02 11 15 1672
06 06 17 1677
04 07 17 1678
02 17 01 1679
02 09 06 1681
02 02 17 1685
02 20 15 1690
05 01 01 1694
03 06 03 1697
04 05 09 1698
02 03 18 1701
03 10 13 1704
04 01 02 1707
06 09 05 1709
03 11 13 1712
05 05 08 1713
03 16 12 1715
05 11 13 1719
03 12 02 1724
03 01 09 1727
05 08 07 1729
04 02 13 1734
06 05 14 1736
03 09 20 1738
03 05 16 1740
02 16 09 1741
05 02 08 1745
04 08 16 1748
05 17 14 1751
05 10 18 1754
06 10 20 1757
04 07 09 1760
03 11 17 1764
06 07 06 1766
03 16 10 1767
02 14 03 1768
04 08 05 1770
06 10 18 1771
03 03 12 1775
02 18 08 1777
04 20 18 1780
02 17 15 1785
04 16 15 1786
04 01 10 1787
03 09 03 1788
03 14 07 1792
04 15 13 1795
03 19 05 1799
04 05 06 1801
06 11 01 1805
02 12 12 1808
05 06 14 1811
03 06 17 1816
04 05 10 1819
04 15 07 1823
06 18 05 1826
02 14 13 1829
05 17 16 1834
05 19 16 1836
06 01 16 1839
05 14 06 1840
04 19 05 1845
04 01 18 1847
05 14 12 1850
04 13 18 1853
02 17 18 1857
06 10 05 1859
03 10 08 1862
02 01 20 1867
04 03 20 1870
06 20 13 1873
06 09 12 1877
05 06 11 1879
02 03 15 1882
02 20 08 1883
05 06 07 1884
05 11 18 1886
03 09 02 1888
03 13 09 1893
04 16 11 1896
05 06 05 1897
05 01 17 1902
06 03 06 1907
04 16 08 1908
05 05 14 1910
06 18 06 1915
04 20 14 1917
03 17 08 1922
06 10 05 1927
04 06 09 1932
04 08 01 1935
05 19 03 1939
04 15 06 1944
04 17 18 1948
02 18 18 1950
06 01 03 1951
03 11 17 1953
03 15 13 1958
06 08 15 1963
04 01 09 1964
05 02 01 1965
04 14 03 1966
03 11 09 1970
04 11 10 1972
04 03 13 1975
06 12 10 1976
03 02 16 1980
02 19 20 1985
05 20 04 1988
06 20 14 1989
03 01 08 1991
03 14 11 1996
02 09 16 1999
05 10 18 2001
03 20 08 2003
04 14 01 2005
06 12 16 2008
06 17 07 2013
03 16 17 2014
06 12 07 2015
06 14 15 2020
03 16 19 2023
06 02 12 2024
03 17 15 2028
06 03 20 2030
04 13 01 2034
02 17 15 2037
02 17 04 2038
05 16 08 2043
06 04 15 2044
04 03 02 2048
02 09 09 2053
04 20 08 2056
05 05 03 2058
06 06 19 2063
02 12 09 2066
06 11 14 2071
06 02 02 2072
06 12 07 2073
05 15 19 2077
05 04 20 2080
04 13 09 2081
06 16 12 2082
03 05 01 2085
05 04 03 2086
06 12 05 2089
06 01 17 2093
06 18 01 2097
02 12 10 2102
03 05 05 2106
05 08 17 2111
03 14 06 2114
02 03 08 2119
04 19 11 2123
02 20 06 2126
02 19 07 2131
02 20 13 2132
05 04 11 2134
05 19 02 2139
05 19 15 2143
04 14 18 2148
05 15 06 2150
04 19 20 2155
06 15 10 2160
03 18 12 2162
02 12 02 2164
03 11 11 2167
02 14 08 2168
05 17 13 2173
05 04 04 2174
03 02 02 2175
02 03 11 2180
06 17 16 2185
02 15 11 2186
05 12 11 2190
02 12 09 2195
06 09 20 2197
03 19 06 2200
02 17 11 2202
04 09 10 2206
02 07 05 2209
05 12 12 2214
02 19 03 2218
04 09 20 2222
05 14 07 2227
04 02 08 2231
04 03 13 2234
05 19 17 2239
02 15 05 2244
02 17 02 2246
02 11 15 2249
02 13 15 2253
02 12 16 2255
06 09 13 2260
05 04 20 2261
06 13 04 2264
05 02 08 2266
03 02 14 2267
03 03 12 2271
02 15 14 2276
02 03 13 2279
05 17 07 2282
05 10 10 2285
05 11 03 2290
04 04 02 2293
03 04 14 2294
02 19 05 2299
05 16 20 2303
05 02 08 2307
02 06 10 2309
03 09 12 2310
05 06 16 2312
03 18 02 2313
02 11 13 2318
03 18 01 2321
05 20 08 2322
03 02 11 2324
02 08 12 2326
06 09 08 2330
06 07 04 2334
03 08 18 2338
02 06 12 2339
05 09 08 2343
02 08 06 2348
05 11 09 2353
04 02 11 2354
05 11 01 2357
03 05 12 2358
06 03 15 2361
02 01 12 2366
03 16 03 2368
05 01 14 2372
05 13 11 2376
05 13 19 2378
05 18 07 2379
05 08 08 2383
05 18 17 2388
03 12 18 2391
05 05 18 2396
06 05 04 2401
03 09 19 2402
05 05 12 2404
06 06 10 2409
06 14 06 2414
06 11 14 2418
05 09 10 2419
03 10 11 2424
06 18 01 2427
03 14 08 2431
06 05 15 2432
04 20 13 2433
03 10 04 2437
04 06 18 2438
06 14 19 2440
05 18 19 2444
03 06 08 2449
03 17 12 2453
04 07 14 2458
06 16 15 2463
06 15 19 2466
06 18 11 2470
04 16 11 2473
06 05 02 2476
05 12 04 2481
02 08 07 2483
04 17 06 2487
04 05 04 2492
05 15 11 2495
03 06 20 2498
04 13 13 2502
05 01 05 2504
03 19 13 2506
02 03 06 2507
02 07 16 2509
05 09 12 2512
05 04 12 2514
04 12 15 2517
04 05 11 2519
04 15 08 2520
02 10 12 2522
04 17 01 2524
04 12 13 2528
04 15 20 2530
05 10 14 2533
04 09 02 2534
06 16 16 2536
05 04 12 2537
02 18 04 2538
02 10 16 2543
06 10 09 2547
06 10 08 2548
03 09 14 2553
04 10 18 2556
03 10 11 2560
03 16 03 2565
06 03 04 2566
05 11 20 2567
02 20 11 2569
04 01 19 2573
03 20 03 2576
06 03 17 2580
02 07 18 2582
06 04 06 2587
03 09 14 2589
06 19 07 2591
03 15 14 2594
03 15 08 2596
05 05 10 2600
02 13 15 2601
05 01 03 2606
06 12 14 2608
05 19 09 2612
06 16 13 2617
03 03 17 2621
04 10 16 2626
05 17 20 2630
04 04 07 2632
05 14 20 2634
02 15 17 2636
03 11 11 2641
06 19 09 2644
06 20 19 2648
06 12 17 2649
04 01 12 2652
02 02 17 2654
02 06 02 2657
06 18 07 2661
06 04 16 2665
03 06 16 2668
04 09 08 2673
02 14 10 2676
05 04 10 2679
04 08 04 2684
05 15 11 2688
05 19 07 2692
03 03 12 2697
06 14 03 2701
03 19 13 2704
04 13 14 2708
06 14 19 2712
04 05 11 2713
02 11 18 2715
06 03 14 2719
04 18 03 2723
05 04 12 2725
06 18 13 2730
03 01 06 2732
04 04 07 2736
04 15 04 2737
06 12 17 2742
02 16 19 2743
03 03 09 2746
06 08 18 2749
02 18 09 2751
02 16 09 2753
02 17 03 2754
04 05 02 2758
05 06 11 2762
05 19 05 2767
04 15 18 2772
05 02 16 2773
04 20 14 2774
06 19 08 2777
04 05 05 2780
03 17 05 2785
06 18 13 2786
04 18 20 2788
04 17 01 2793
05 05 11 2794
04 12 07 2798
02 16 11 2801
04 13 20 2805
03 18 08 2809
04 10 20 2814
04 01 19 2815
05 03 04 2819
03 19 16 2820
03 07 10 2821
02 08 14 2825
06 13 08 2826
03 10 05 2827
02 11 14 2829
03 18 08 2834
05 16 14 2839
06 07 16 2844
04 03 03 2847
06 03 04 2850
05 18 14 2855
02 15 04 2857
02 11 13 2858
02 11 03 2860
04 20 16 2863
03 03 20 2866
05 17 09 2870
05 18 20 2874
05 05 20 2877
05 09 07 2882
03 19 11 2884
02 13 12 2885
05 02 16 2888
04 17 05 2893
05 08 07 2894
03 14 13 2897
05 13 12 2898
02 18 09 2902
02 07 10 2907
02 17 20 2910
04 14 12 2912
04 13 06 2915
04 10 11 2919
02 12 15 2921
06 17 05 2923
02 03 13 2926
04 16 19 2927
04 05 11 2929
04 11 09 2934
02 06 10 2936
04 09 15 2939
03 13 01 2940
05 01 13 2942
04 10 14 2947
05 19 01 2952
05 09 19 2953
02 07 08 2955
04 06 19 2957
02 07 19 2958
05 04 10 2962
02 16 04 2966
02 07 08 2971
05 05 18 2973
05 13 12 2977
02 16 09 2982
04 17 01 2987
02 17 19 2991
02 09 19 2996
06 20 12 3000
02 13 05 3001
06 20 20 3003
04 12 16 3004
03 20 06 3006
02 04 13 3007
06 04 11 3009
04 14 14 3014
05 05 02 3019
02 11 13 3022
03 17 10 3026
05 11 18 3027
02 08 03 3032
06 06 15 3037
05 01 08 3038
05 13 01 3041
02 11 10 3044
04 10 13 3049
05 01 02 3053
03 10 16 3058
03 18 04 3059
04 19 19 3062
04 07 14 3065
05 05 04 3066
03 17 07 3067
04 01 05 3069
02 14 18 3072
04 17 13 3077
04 09 18 3080
06 01 18 3082
06 16 11 3085
06 04 07 3088
05 04 10 3093
04 12 05 3095
04 07 06 3099
04 03 17 3103
03 18 08 3108
04 13 15 3110
04 19 18 3115
03 16 18 3120
03 07 04 3124
03 07 05 3128
04 04 02 3133
03 13 04 3135
03 14 14 3138
06 02 12 3143
06 04 16 3148
03 14 02 3149
03 20 06 3153
04 08 08 3156
05 10 17 3159
03 03 03 3164
04 12 08 3169
02 05 11 3174
02 12 12 3177
03 17 03 3180
06 12 01 3185
05 08 13 3190
04 19 05 3192
04 08 04 3195
06 19 19 3200
05 20 14 3202
06 01 09 3203
03 11 02 3207
03 16 04 3212
06 01 01 3213
05 02 14 3217
02 08 08 3219
06 11 02 3224
06 16 15 3225
05 19 19 3227
03 20 19 3229
02 08 18 3234
02 11 15 3238
03 18 20 3242
03 15 01 3245
05 20 17 3248
05 20 18 3249
06 10 04 3250
02 04 14 3255
05 03 16 3259
06 15 01 3262
05 17 07 3264
02 04 05 3266
03 04 11 3269
06 16 08 3274
05 02 18 3277
02 01 16 3282
02 05 09 3284
06 12 02 3285
06 17 14 3286
04 15 04 3291
03 16 16 3294
04 09 13 3295
02 16 19 3297
04 10 03 3302
02 01 12 3305
03 17 08 3307
06 12 12 3310
02 14 14 3312
04 12 10 3314
06 17 09 3316
02 12 05 3318
05 13 03 3319
04 15 16 3323
04 13 02 3328
03 13 08 3333
03 09 20 3337
04 12 01 3338
06 08 10 3340
03 12 07 3342
04 12 16 3346
04 20 14 3348
05 18 09 3351
05 15 10 3353
04 01 07 3355
02 05 18 3357
03 02 20 3362
06 20 06 3363
06 19 17 3365
02 17 06 3368
06 17 06 3370
06 04 16 3373
03 17 13 3374
06 05 01 3375
06 18 09 3379
03 15 15 3384
03 19 15 3389
05 18 07 3393
02 17 07 3396
05 06 11 3398
04 09 13 3401
03 07 15 3405
05 08 05 3409
05 03 17 3413
02 08 14 3415
05 18 18 3416
04 05 13 3420
04 10 10 3421
05 01 19 3424
02 20 19 3427
03 08 19 3429
05 04 08 3433
06 14 13 3436
06 06 17 3439
02 03 09 3442
04 18 03 3445
05 13 06 3448
02 20 07 3450
06 17 07 3451
04 02 16 3455
02 10 20 3457
03 05 20 3460
02 18 15 3465
04 07 15 3467
02 03 15 3469
03 16 14 3472
05 09 02 3476
04 02 02 3479
06 18 03 3480
02 15 16 3482
05 19 14 3483
04 03 08 3488
05 04 06 3493
04 06 01 3495
04 02 01 3499
04 16 14 3502
05 14 03 3506
06 07 05 3507
05 09 13 3508
02 15 02 3512
05 12 02 3515
05 13 01 3520
05 13 18 3524
04 19 18 3529
03 09 07 3532
02 09 18 3537
03 10 08 3540
04 01 10 3543
02 18 05 3548
06 11 14 3553
02 20 01 3555
02 16 05 3559
02 18 09 3564
06 05 16 3568
04 16 13 3570
06 14 11 3575
05 16 15 3578
02 06 13 3581
05 03 18 3582
03 03 12 3584
06 05 16 3589
05 06 19 3591
06 09 19 3593
02 06 03 3597
02 04 11 3599
02 18 13 3601
03 13 05 3606
04 18 09 3611
05 01 18 3614
02 12 04 3615
04 01 20 3620
03 11 08 3624
05 10 14 3625
03 07 05 3628
04 16 04 3631
03 19 14 3634
05 12 06 3638
04 10 11 3643
04 16 11 3648
02 16 07 3652
03 15 13 3656
06 15 06 3659
04 12 05 3663
02 01 07 3666
03 01 10 3669
05 02 12 3670
03 08 01 3672
02 03 04 3675
05 07 20 3680
05 06 18 3685
04 14 14 3686
06 11 17 3689
04 05 19 3691
02 19 06 3696
03 18 05 3697
05 11 03 3699
02 15 17 3700
03 15 01 3701
05 19 19 3703
03 10 16 3704
03 02 05 3709
06 19 14 3712
02 09 02 3715
04 06 01 3717
06 17 18 3720
04 08 13 3724
02 05 11 3729
04 02 08 3730
06 01 05 3732
03 12 16 3733
05 20 15 3735
05 13 17 3739
02 01 12 3741
03 20 07 3743
02 07 08 3746
05 04 04 3747
02 17 01 3751
02 18 11 3756
02 18 17 3761
06 18 02 3766
06 04 19 3767
05 17 10 3771
03 08 14 3772
04 16 09 3777
03 09 20 3779
05 10 10 3784
03 01 03 3785
06 02 04 3787
05 19 19 3791
05 17 12 3793
06 11 09 3794
03 03 14 3798
02 10 13 3800
05 18 18 3804
02 16 05 3807
02 20 19 3810
03 09 01 3812
05 17 17 3814
06 05 16 3816
02 01 04 3818
03 08 04 3819
06 19 16 3824
04 15 19 3825
04 19 04 3830
04 15 02 3835
03 16 09 3840
05 18 14 3843
05 12 05 3848
03 07 08 3849
02 04 13 3850
06 03 09 3852
06 07 08 3854
04 17 07 3859
02 15 03 3862
02 19 08 3866
06 11 16 3869
05 19 15 3873
02 06 14 3877
05 09 13 3879
04 13 18 3884
03 09 16 3885
06 12 11 3888
05 12 18 3889
05 11 12 3890
03 14 06 3892
03 02 05 3894
05 14 06 3895
02 14 03 3900
02 03 05 3902
02 09 05 3903
03 19 16 3904
05 20 12 3907
04 17 17 3910
02 15 03 3915
04 05 13 3919
02 12 04 3924
06 19 04 3926
06 05 15 3929
02 12 17 3931
06 15 02 3933
06 15 07 3936
04 05 02 3937
05 06 13 3941
03 17 17 3942
02 13 06 3945
03 13 07 3949
04 07 10 3953
05 15 19 3955
06 18 08 3957
04 08 04 3962
05 14 12 3965
04 04 19 3968
04 09 02 3971
04 09 11 3976
04 17 06 3980
06 16 06 3984
06 04 08 3987
02 13 01 3991
06 19 06 3993
06 10 15 3995
05 05 09 3996
03 17 06 3998
06 12 11 4002
02 05 13 4006
06 05 16 4011
02 16 14 4016
06 20 07 4021
03 04 04 4024
05 03 09 4029
03 12 13 4032
02 04 08 4033
05 11 17 4035
02 13 20 4038
03 03 01 4041
02 05 12 4044
02 02 11 4049
02 03 13 4052
06 13 18 4057
04 20 08 4060
05 07 13 4065
03 12 01 4070
02 03 13 4071
04 14 14 4072
05 14 09 4073
03 12 20 4074
05 14 14 4078
06 01 16 4080
03 16 07 4085
05 20 08 4087
04 08 07 4091
06 14 16 4093
05 03 20 4096
02 13 16 4099
03 15 19 4103
05 06 10 4104
03 01 02 4108
04 17 07 4113
04 13 18 4116
05 01 11 4118
06 18 04 4123
05 09 17 4128
03 06 20 4129
03 03 13 4134
04 03 02 4136
02 05 10 4139
02 06 13 4140
06 14 12 4141
05 05 03 4144
06 11 08 4146
04 04 13 4149
03 12 15 4153
06 18 08 4158
03 17 09 4163
03 04 10 4167
05 11 12 4172
06 01 20 4176
02 02 05 4181
03 08 04 4184
05 07 18 4187
03 15 05 4190
06 01 07 4191
03 05 18 4193
04 11 12 4194
05 13 12 4196
06 16 06 4201
06 14 16 4203
03 17 11 4206
03 11 12 4211
04 01 15 4215
03 16 06 4220
06 15 08 4224
06 08 04 4229
03 02 17 4232
02 10 06 4237
06 06 04 4241
02 19 04 4243
06 19 13 4245
05 13 04 4246
06 10 10 4247
04 13 02 4248
03 18 10 4251
04 17 10 4255
02 03 10 4259
06 07 04 4262
06 05 03 4264
06 08 17 4269
04 17 17 4271
06 18 03 4276
04 14 05 4281
05 09 19 4285
02 11 12 4289
04 13 15 4294
06 18 06 4296
03 02 07 4299
04 03 16 4301
03 17 07 4302
02 01 06 4303
06 08 18 4304
05 11 13 4308
03 02 18 4312
06 17 06 4313
04 06 15 4317
03 10 14 4320
02 03 14 4323
03 14 02 4324
02 18 12 4328
05 05 17 4333
05 16 17 4334
05 13 08 4337
02 18 13 4341
04 12 09 4343
05 05 17 4348
06 17 04 4350
02 12 07 4352
02 01 13 4357
04 09 17 4359
06 10 05 4360
02 02 09 4361
02 11 02 4362
05 14 04 4365
06 16 03 4366
02 10 09 4369
02 10 17 4374
04 14 01 4377
04 18 17 4381
06 20 08 4385
02 06 01 4390
03 01 09 4395
06 12 04 4400
03 02 04 4404
04 14 11 4409
03 15 15 4414
02 12 16 4416
05 06 02 4419
06 13 12 4421
06 04 10 4426
05 09 06 4431
06 08 16 4435
05 20 11 4440
03 12 15 4443
03 12 03 4444
02 01 12 4447
05 02 05 4448
05 08 09 4449
04 12 12 4451
06 14 05 4454
03 03 02 4459
03 06 01 4463
03 12 10 4466
02 05 16 4468
03 05 09 4472
03 20 20 4477
03 16 16 4478
05 04 13 4483
04 07 10 4488
04 14 06 4493
06 15 12 4494
03 19 04 4496
06 18 19 4499
06 14 09 4503
03 09 13 4505
05 05 06 4507
03 07 11 4512
03 20 13 4513
04 20 09 4515
06 16 03 4516
02 15 02 4519
02 02 09 4524
04 06 04 4526
02 09 18 4528
02 10 10 4529
04 18 04 4534
02 11 02 4536
04 08 19 4537
06 18 12 4541
06 05 20 4546
02 01 20 4551
06 16 05 4554
02 04 04 4559
02 08 19 4560
03 16 15 4565
05 14 06 4568
04 07 19 4569
05 12 17 4574
06 15 05 4576
05 01 07 4579
05 04 08 4583
04 06 17 4586
03 02 18 4587
04 02 20 4588
03 12 13 4590
03 05 14 4593
06 14 08 4595
03 08 15 4596
05 12 06 4598
06 11 19 4599
04 12 18 4602
05 06 14 4604
04 09 08 4606
03 03 05 4609
02 02 16 4612
06 19 17 4616
03 15 14 4619
04 16 09 4624
04 03 10 4626
06 01 15 4627
04 17 02 4629
06 13 17 4633
06 03 09 4635
04 20 07 4640
02 20 20 4643
06 10 14 4645
02 04 15 4649
04 09 10 4652
06 08 19 4656
05 20 05 4661
03 02 03 4664
06 03 19 4669
06 16 15 4674
03 01 03 4675
05 16 19 4678
02 15 11 4679
02 17 12 4683
04 14 10 4688
06 06 18 4692
04 12 12 4694
03 14 06 4699
04 09 01 4700
05 13 09 4703
04 19 10 4708
06 03 18 4710
06 01 09 4711
06 10 12 4716
04 12 10 4721
06 04 15 4726
06 16 10 4731
06 05 12 4733
04 20 18 4738
02 06 07 4740
02 03 05 4741
03 09 19 4742
06 20 17 4743
02 19 19 4746
05 12 09 4750
03 18 02 4753
05 15 01 4758
05 15 01 4760
02 08 19 4765
04 15 13 4767
02 17 07 4770
05 14 03 4775
03 01 13 4777
02 01 09 4782
06 01 08 4787
04 18 09 4788
06 09 07 4789
02 11 14 4790
05 06 03 4791
03 03 19 4795
04 11 07 4796
04 18 20 4797
05 15 09 4802
03 12 05 4807
04 08 18 4811
02 12 03 4813
06 03 03 4815
06 10 20 4816
05 08 12 4817
04 01 04 4822
04 09 04 4824
06 06 08 4828
02 02 12 4833
05 02 16 4836
06 17 11 4837
03 20 16 4838
02 03 13 4842
03 14 20 4843
02 11 12 4847
05 03 15 4849
06 16 16 4850
05 14 13 4851
03 18 18 4853
06 10 13 4856
02 17 06 4857
02 17 02 4861
05 04 01 4864
03 17 04 4868
03 08 11 4873
04 12 14 4877
02 10 18 4879
03 14 09 4881
05 10 06 4886
02 19 09 4891
05 15 06 4893
03 02 17 4896
02 07 03 4900
02 06 18 4904
04 14 20 4909
06 13 08 4913
04 20 12 4916
03 20 05 4918
04 08 06 4922
03 11 05 4923
05 08 03 4925
04 02 02 4930
06 08 13 4935
03 04 20 4936
05 18 01 4941
06 16 15 4943
06 02 13 4944
06 11 12 4948
05 11 05 4953
03 05 16 4958
02 13 02 4959
02 19 07 4964
03 18 16 4966
04 17 08 4970
03 05 06 4971
02 12 05 4976
04 16 02 4980
02 01 01 4981
05 08 02 4985
06 12 11 4990
06 04 14 4991
05 17 01 4996
04 17 11 5001
02 15 10 5005
03 03 17 5009
05 07 14 5011
05 07 12 5013
03 14 03 5016
05 09 19 5017
04 10 17 5020
03 11 02 5023
05 01 11 5025
04 18 05 5026
02 04 07 5031
03 15 02 5035
06 18 11 5037
06 03 11 5040
04 04 14 5041
04 16 11 5042
02 13 14 5043
06 11 13 5045
06 16 14 5048
04 06 10 5049
04 17 05 5051
02 14 02 5052
06 04 12 5054
04 08 11 5058
06 12 04 5059
03 08 08 5062
05 10 13 5066
05 15 04 5070
04 19 09 5073
04 04 15 5077
03 12 13 5080
03 03 20 5082
03 17 08 5085
05 06 11 5088
05 06 17 5093
04 16 10 5095
03 19 19 5098
04 13 02 5101
03 13 14 5106
05 05 05 5108
03 03 14 5110
03 10 09 5111
02 07 06 5116
02 06 10 5120
03 03 15 5122
06 12 10 5124
03 15 12 5126
06 03 02 5129
05 09 15 5134
06 20 01 5136
02 05 10 5139
03 01 15 5142
03 15 10 5147
04 05 02 5149
06 03 09 5153
03 08 16 5155
05 08 05 5157
04 05 09 5160
02 12 16 5163
02 03 03 5166
04 12 19 5167
04 09 09 5168
04 17 07 5171
03 04 09 5175
06 06 14 5179
04 08 20 5181
03 09 06 5185
05 05 12 5186
05 03 15 5190
05 12 01 5195
02 09 12 5198
02 08 16 5200
04 01 12 5201
03 10 14 5203
06 19 14 5205
06 15 04 5210
06 18 16 5212
06 18 17 5215
02 17 20 5218
06 13 16 5221
02 17 02 5223
04 06 19 5226
05 03 08 5230
04 07 11 5232
05 10 07 5236
03 14 14 5241
05 03 09 5244
05 05 18 5247
03 04 20 5250
02 01 12 5253
06 07 11 5258
03 20 16 5260
04 16 04 5262
04 12 08 5264
06 09 15 5265
06 15 13 5267
06 15 04 5270
02 09 11 5271
03 19 02 5275
02 07 06 5276
03 05 19 5279
02 17 12 5280
03 09 01 5284
05 14 15 5288
06 12 01 5289
06 13 06 5292
03 12 19 5296
06 08 01 5301
03 05 19 5306
06 17 15 5311
02 20 10 5315
05 13 20 5316
06 05 01 5321
05 06 14 5322
04 16 02 5327
03 06 18 5329
03 04 09 5333
03 06 06 5334
05 05 11 5337
04 03 10 5342
03 09 14 5345
06 15 02 5350
04 06 08 5355
06 15 05 5358
03 09 18 5362
02 14 10 5366
03 15 16 5371
06 11 10 5372
04 04 02 5375
05 13 05 5380
04 19 02 5383
03 18 18 5386
04 12 04 5388
05 11 05 5392
05 18 13 5397
06 07 07 5398
06 08 03 5400
06 20 10 5404
02 11 18 5407
06 14 13 5412
02 01 06 5415
02 10 17 5417
02 09 19 5419
03 01 07 5424
02 01 12 5426
06 13 19 5431
06 08 06 5433
02 14 14 5438
02 04 06 5442
06 09 02 5446
06 20 13 5448
03 09 20 5453
05 12 03 5458
05 15 09 5460
04 08 04 5464
03 09 20 5466
04 05 18 5470
02 10 09 5474
05 20 14 5476
04 04 03 5481
04 14 03 5484
03 18 16 5487
05 15 08 5492
05 01 09 5493
02 17 04 5495
04 07 04 5498
02 05 18 5501
05 19 19 5505
03 04 20 5508
04 14 19 5511
04 19 05 5513
05 16 19 5514
06 04 03 5516
02 20 14 5518
02 18 08 5520
04 05 08 5524
04 14 18 5529
06 05 02 5533
02 13 19 5534
05 01 03 5535
02 19 07 5537
06 11 15 5542
02 05 14 5545
05 02 18 5548
03 12 12 5552
02 18 19 5556
05 02 10 5560
06 20 20 5561
02 20 03 5563
04 05 08 5565
02 09 06 5570
06 11 07 5573
03 07 07 5578
04 03 20 5582
03 06 03 5585
04 07 20 5586
03 18 13 5587
06 09 09 5590
06 11 13 5595
02 06 16 5600
05 10 15 5602
04 08 01 5604
06 16 18 5609
04 03 16 5612
04 11 11 5616
05 18 04 5619
03 13 14 5620
04 10 08 5622
02 18 06 5623
02 01 09 5627
03 09 16 5630
02 18 18 5633
03 15 16 5634
02 14 06 5637
03 07 14 5638
06 15 13 5641
04 17 10 5642
03 03 16 5644
04 06 07 5645
04 02 11 5648
05 11 07 5653
06 08 02 5658
04 03 20 5663
03 01 12 5667
04 15 12 5668
02 06 04 5671
05 12 19 5672
06 15 17 5674
05 05 16 5677
06 19 14 5678
04 08 04 5680
04 10 17 5684
06 17 18 5689
03 15 09 5690
02 05 03 5691
05 18 19 5696
06 01 20 5701
02 20 12 5705
05 19 19 5706
06 17 15 5710
03 18 04 5711
06 06 16 5713
02 01 16 5717
04 02 07 5720
04 14 03 5721
02 17 06 5723
02 02 20 5725
04 05 17 5727
03 11 11 5728
04 16 07 5730
04 12 04 5732
03 06 15 5733
04 04 13 5735
03 07 04 5737
05 03 05 5739
06 03 16 5741
06 03 04 5743
06 02 09 5744
05 15 05 5745
03 16 06 5750
05 15 20 5753
05 03 01 5755
03 12 20 5758
03 03 04 5759
04 06 04 5761
05 13 14 5762
04 05 16 5767
04 16 01 5769
05 13 13 5773
06 18 08 5778
05 02 08 5780
02 18 13 5785
02 18 03 5788
05 14 19 5791
03 18 06 5796
02 20 03 5800
03 01 02 5804
04 16 01 5807
06 08 05 5810
06 04 16 5814
05 16 07 5818
05 12 08 5819
02 03 06 5821
03 02 08 5824
04 01 07 5826
02 16 20 5829
05 09 14 5830
02 03 12 5835
06 19 12 5840
03 13 15 5841
04 11 04 5845
05 04 09 5850
04 07 16 5855
03 11 13 5860
06 12 18 5863
03 16 03 5865
04 02 14 5869
03 12 01 5874
02 16 19 5875
02 11 05 5876
06 06 08 5877
06 03 14 5881
05 18 10 5885
05 13 09 5887
04 04 02 5890
03 15 03 5891
04 07 06 5894
03 07 16 5899
04 10 07 5903
05 04 18 5906
03 18 06 5908
05 03 14 5909
04 06 07 5911
04 16 10 5916
04 03 10 5921
02 10 03 5923
05 13 12 5926
03 04 18 5928
03 01 15 5931
03 08 16 5933
03 18 18 5938
04 07 12 5943
04 09 10 5948
02 06 19 5949
02 10 18 5953
04 10 18 5954
02 08 12 5956
06 18 12 5959
05 01 13 5964
03 07 10 5965
04 05 10 5967
02 08 03 5972
06 11 08 5974
06 06 15 5976
03 09 09 5981
05 09 06 5986
02 19 02 5988
05 04 01 5989
02 05 11 5990
04 11 17 5995
05 02 15 5999
05 12 08 6002
02 06 17 6005
05 01 17 6009
02 07 20 6013
02 01 03 6015
04 09 02 6017
06 07 08 6020
06 11 14 6024
06 18 07 6026
03 15 09 6031
05 19 08 6035
02 03 16 6040
06 02 07 6042
02 05 12 6045
03 12 13 6048
02 03 03 6052
03 06 09 6054
04 08 19 6055
04 08 11 6057
05 15 08 6061
06 04 02 6062
03 10 18 6066
04 10 18 6067
03 11 01 6070
05 04 06 6073
06 18 19 6075
06 10 03 6076
03 04 04 6080
05 18 19 6084
05 11 10 6085
02 18 05 6087
02 04 18 6088
03 02 13 6090
02 19 09 6091
06 03 06 6095
04 04 09 6100
05 01 02 6103
02 11 19 6108
06 06 04 6110
06 06 11 6112
04 03 15 6116
04 04 11 6119
05 14 13 6124
06 18 06 6129
04 02 08 6131
02 20 12 6134
04 08 07 6138
05 16 20 6139
05 05 08 6140
05 13 03 6143
05 16 06 6148
05 05 07 6151
06 18 12 6154
03 17 17 6157
03 07 11 6161
04 10 18 6166
05 14 07 6168
02 09 19 6172
02 12 08 6176
04 20 16 6180
02 08 04 6184
03 15 16 6185
02 01 06 6189
04 01 06 6192
06 03 13 6197
06 16 13 6201
06 03 16 6203
03 03 04 6208
06 02 05 6209
05 18 19 6214
03 07 05 6216
05 01 14 6220
02 11 14 6223
06 05 12 6227
04 18 01 6228
02 15 12 6229
06 05 12 6231
05 04 10 6235
06 14 06 6238
04 20 20 6241
05 01 01 6243
05 06 08 6245
03 01 13 6250
05 11 19 6253
06 07 20 6255
04 03 10 6257
04 04 18 6260
05 11 10 6263
05 01 13 6268
05 05 02 6269
04 02 08 6274
04 07 02 6276
04 03 05 6277
04 20 08 6280
03 07 13 6282
02 13 04 6284
02 12 12 6285
06 13 19 6290
03 11 20 6293
06 19 02 6297
02 05 03 6298
05 12 07 6299
02 18 01 6300
05 11 17 6301
04 02 13 6305
06 19 08 6307
04 20 11 6309
04 04 03 6310
04 17 05 6313
06 18 20 6316
02 05 11 6320
02 09 01 6321
06 10 04 6326
05 15 19 6331
03 05 08 6333
03 11 02 6335
03 19 17 6338
04 17 09 6343
03 03 05 6347
02 08 10 6348
05 16 06 6349
03 20 07 6353
05 04 20 6355
06 06 07 6356
04 16 11 6360
02 15 20 6361
06 06 09 6362
05 03 13 6364
04 17 13 6366
06 15 06 6370
04 07 08 6371
02 01 19 6372
05 12 03 6377
03 03 10 6381
06 11 03 6386
04 19 20 6388
03 14 18 6389
03 01 11 6394
05 19 17 6399
02 07 03 6404
06 12 13 6405
03 17 06 6407
02 05 16 6410
03 17 17 6414
03 15 09 6416
05 17 18 6417
04 15 13 6419
05 16 16 6421
02 01 08 6426
05 16 14 6429
04 07 18 6432
04 03 01 6436
03 09 11 6440
02 01 17 6441
02 03 05 6442
03 02 07 6444
03 11 08 6445
02 18 03 6450
03 05 02 6453
06 12 18 6455
03 06 04 6460
06 02 18 6461
02 08 16 6466
03 18 01 6468
06 10 04 6470
06 10 05 6474
02 13 04 6478
03 07 02 6480
05 07 12 6485
06 04 20 6488
05 16 20 6492
03 10 14 6497
06 19 06 6502
02 18 07 6504
02 10 04 6509
03 08 09 6512
04 20 05 6517
02 09 03 6522
05 08 06 6526
06 18 06 6528
06 17 08 6531
02 04 04 6533
02 10 01 6538
06 07 07 6541
05 15 02 6546
02 06 08 6551
03 20 12 6552
04 08 03 6553
02 07 17 6558
06 10 03 6559
04 10 01 6564
05 13 04 6568
06 12 03 6570
03 04 20 6573
02 11 05 6576
03 03 09 6581
06 01 05 6582
02 05 12 6587
06 17 02 6589
04 08 20 6593
02 14 09 6594
04 06 18 6596
03 04 17 6599
05 08 01 6601
02 02 07 6605
06 01 06 6609
02 14 05 6613
03 05 02 6616
05 16 05 6617
03 14 09 6620
02 16 13 6623
02 18 20 6625
03 05 10 6630
04 01 17 6631
05 16 18 6633
06 07 06 6637
05 01 14 6640
03 19 13 6641
06 05 07 6642
03 01 03 6644
05 02 14 6646
04 03 15 6649
06 20 04 6653
04 16 09 6656
06 19 16 6658
05 17 20 6663
03 11 04 6665
04 12 13 6669
05 11 04 6671
03 02 12 6672
04 19 02 6675
06 07 06 6680
02 12 02 6682
06 02 03 6687
02 14 10 6692
05 13 06 6694
03 01 02 6695
04 20 09 6697
05 06 20 6701
05 07 17 6702
05 16 07 6707
05 15 11 6708
06 01 16 6709
04 03 07 6714
06 13 07 6719
06 09 14 6723
02 13 20 6728
04 19 02 6730
05 09 01 6732
05 16 08 6736
02 11 13 6739
03 14 13 6743
06 12 20 6746
06 11 10 6750
05 11 10 6751
05 06 03 6756
06 19 18 6761
06 02 18 6764
03 16 01 6769
03 17 15 6770
06 05 19 6774
03 04 03 6778
04 13 20 6782
04 07 12 6784
05 02 14 6787
03 12 15 6792
06 01 03 6795
06 14 05 6799
05 11 11 6800
05 18 08 6801
06 17 01 6803
04 17 20 6805
02 05 10 6807
05 08 04 6810
02 03 12 6812
05 12 14 6813
05 13 03 6814
02 14 16 6817
05 08 10 6822
06 17 12 6823
05 19 02 6828
03 13 11 6830
03 12 04 6833
04 19 01 6838
03 05 20 6843
05 08 02 6846
05 14 08 6849
06 01 10 6853
03 07 10 6858
05 19 17 6863
06 05 13 6864
03 01 09 6868
04 01 03 6873
03 06 15 6876
06 05 07 6881
04 04 16 6883
06 06 12 6886
02 20 04 6891
03 08 04 6896
06 07 13 6898
02 05 08 6903
05 18 06 6908
03 20 11 6912
06 12 16 6915
05 06 04 6919
04 05 11 6920
03 04 15 6925
05 20 05 6930
04 07 14 6934
06 19 16 6939
04 20 18 6942
05 18 18 6947
05 09 02 6948
02 06 05 6950
05 16 08 6951
04 04 20 6953
02 14 13 6956
05 04 17 6961
05 08 09 6962
02 12 10 6966
04 18 06 6970
05 11 14 6974
03 14 02 6977
06 06 17 6980
04 10 11 6982
04 08 07 6985
03 07 02 6988
05 06 18 6991
05 17 04 6995
04 16 18 6996
02 10 18 6999
06 03 08 7002
03 02 10 7005
05 20 19 7009
04 17 04 7014
04 01 03 7015
04 06 03 7017
05 03 11 7018
02 01 04 7023
05 18 03 7028
06 07 09 7031
05 16 20 7034
06 20 14 7035
02 12 05 7036
02 03 08 7039
05 06 13 7041
04 20 12 7044
04 16 04 7048
02 07 20 7050
03 04 13 7051
04 15 03 7053
04 03 06 7055
03 16 10 7058
03 05 11 7059
04 06 19 7062
04 19 07 7065
04 05 03 7066
02 20 09 7068
03 11 10 7071
03 17 14 7075
06 18 16 7080
03 02 13 7085
04 09 19 7088
03 05 16 7093
04 07 03 7097
04 04 15 7102
03 18 18 7104
02 15 04 7109
06 02 20 7111
04 16 04 7113
04 17 18 7117
04 15 01 7121
05 12 06 7126
03 02 01 7130
04 06 06 7131
02 08 15 7132
03 03 20 7134
06 10 19 7138
02 08 16 7140
05 20 14 7143
05 01 12 7148
02 02 01 7150
02 13 06 7151
05 04 11 7153
04 11 14 7157
03 05 02 7158
03 06 12 7159
06 08 01 7163
05 05 19 7165
02 13 04 7168
02 04 04 7171
02 16 18 7176
02 13 13 7181
02 09 09 7184
03 15 05 7188
05 01 04 7192
03 09 14 7194
05 07 11 7196
03 09 19 7198
02 10 15 7200
04 15 12 7202
03 03 03 7203
06 07 18 7207
02 18 05 7209
06 07 19 7210
04 11 09 7215
03 03 13 7219
02 18 02 7223
05 08 04 7226
06 15 06 7228
06 07 04 7230
02 20 11 7233
02 03 08 7237
05 03 09 7238
06 01 09 7242
04 07 09 7243
03 16 02 7248
05 01 15 7252
04 01 20 7256
05 18 08 7257
02 10 05 7258
02 10 15 7259
03 16 20 7260
02 11 17 7263
06 03 10 7264
05 09 06 7266
03 08 08 7271
03 19 11 7276
06 04 05 7278
03 10 16 7279
02 01 14 7281
05 05 06 7285
05 09 18 7290
04 19 20 7293
02 01 03 7296
06 01 13 7297
06 20 17 7300
02 01 14 7302
05 01 01 7306
02 01 20 7307
04 19 13 7309
06 12 14 7314
03 16 14 7315
04 06 14 7317
02 13 02 7321
05 18 01 7326
02 17 18 7331
03 19 01 7332
02 06 16 7333
05 13 15 7336
03 01 13 7340
02 03 19 7344
04 15 02 7345
04 16 07 7346
05 13 19 7347
02 14 06 7352
02 06 15 7353
02 07 06 7358
06 11 10 7362
04 10 10 7365
03 05 08 7369
02 05 11 7370
06 03 16 7372
05 11 18 7377
06 01 04 7381
03 02 12 7383
04 10 16 7387
02 02 09 7391
04 14 05 7392
03 13 04 7394
06 17 19 7395
03 09 02 7399
04 14 12 7404
02 13 18 7408
02 19 02 7413
05 18 01 7417
03 14 03 7421
05 15 03 7423
05 10 13 7426
05 17 11 7429
06 09 07 7433
04 19 16 7437
06 01 09 7440
03 04 20 7444
02 18 15 7445
05 04 14 7450
05 15 16 7455
04 15 01 7456
05 03 03 7458
06 09 18 7460
03 08 01 7465
03 20 15 7468
02 15 03 7473
02 03 16 7478
05 11 08 7482
06 19 01 7487
06 06 17 7488
03 18 12 7491
06 02 16 7496
03 14 05 7497
03 05 10 7500
04 18 15 7502
03 13 07 7506
06 07 17 7509
02 13 03 7510
02 12 04 7514
05 01 08 7519
06 18 05 7522
05 05 11 7526
04 04 11 7531
06 04 14 7536
03 07 08 7539
04 14 05 7541
04 16 18 7542
02 01 16 7544
05 09 15 7545
06 03 20 7548
02 19 20 7551
06 20 07 7553
02 05 18 7556
04 13 08 7561
05 03 10 7566
03 11 16 7569
06 06 12 7570
06 19 15 7572
03 07 18 7576
05 12 15 7579
06 12 08 7581
05 11 05 7584
03 12 02 7588
02 14 19 7593
06 06 18 7596
06 15 04 7598
05 06 01 7599
02 11 12 7602
06 18 16 7603
06 02 02 7605
05 07 01 7609
03 07 02 7611
06 13 16 7612
04 12 18 7614
04 09 17 7615
03 11 08 7620
04 14 07 7623
03 03 06 7628
04 09 14 7633
04 20 17 7636
03 16 06 7637
02 06 09 7641
04 08 12 7646
05 19 04 7648
03 05 20 7650
05 02 18 7652
02 17 13 7653
02 07 10 7654
02 07 09 7659
04 01 02 7660
03 08 20 7664
02 06 07 7668
02 02 15 7673
03 17 20 7677
06 14 09 7680
02 13 05 7682
06 17 07 7684
05 19 05 7689
06 08 17 7694
03 12 20 7696
03 04 03 7701
06 18 04 7706
03 05 06 7708
03 06 17 7710
05 02 13 7713
02 02 05 7718
06 01 10 7723
04 14 12 7727
06 06 11 7731
05 06 07 7735
03 09 06 7736
06 10 18 7738
06 05 03 7742
02 15 15 7745
04 01 19 7746
04 11 12 7747
03 20 16 7749
05 01 09 7751
06 03 16 7755
05 10 01 7760
05 17 03 7764
05 17 17 7766
03 20 06 7771
03 10 08 7775
04 16 10 7780
03 16 20 7782
05 08 15 7786
04 15 17 7789
04 09 08 7790
06 01 19 7792
06 17 11 7794
02 17 06 7796
03 06 19 7801
06 03 11 7804
06 19 13 7806
02 01 17 7810
03 20 10 7813
03 15 10 7817
05 04 03 7822
06 10 16 7827
03 18 17 7829
04 06 20 7832
06 01 11 7836
05 08 17 7837
06 18 15 7842
04 16 07 7845
05 09 07 7846
05 01 05 7847
03 08 09 7848
06 03 05 7849
06 07 06 7851
03 14 07 7852
03 07 10 7857
06 17 05 7861
02 19 19 7864
03 03 08 7866
03 03 19 7871
04 15 16 7875
04 01 01 7880
05 04 08 7885
02 09 18 7887
02 20 13 7892
03 16 07 7897
03 14 11 7899
02 11 06 7901
06 17 13 7905
06 10 11 7909
06 20 05 7910
03 11 06 7914
04 07 12 7919
06 04 07 7920
06 02 17 7923
04 18 04 7924
03 04 06 7926
05 10 13 7929
02 07 09 7932
05 15 04 7936
05 02 08 7940
02 03 14 7944
02 09 05 7947
05 08 20 7952
02 16 03 7957
06 10 15 7960
03 20 05 7963
03 09 19 7964
06 17 07 7969
06 01 08 7972
02 12 08 7973
06 03 08 7976
04 10 09 7980
04 17 05 7985
03 19 09 7988
02 05 06 7991
03 04 08 7995
05 15 01 7999
06 09 01 8004
06 02 07 8009
03 14 08 8012
02 16 16 8013
06 14 13 8017
02 04 16 8019
05 05 06 8022
04 01 06 8023
06 04 14 8027
03 12 09 8032
04 15 08 8036
04 05 12 8040
05 01 12 8042
04 02 14 8045
05 14 10 8046
02 03 06 8049
04 10 15 8053
02 19 02 8058
06 17 07 8061
05 08 02 8064
03 18 18 8069
06 09 19 8072
04 01 01 8074
02 18 02 8078
02 06 19 8083
03 10 03 8086
06 16 16 8087
05 01 15 8091
04 16 19 8094
03 20 20 8097
04 18 13 8099
04 14 16 8101
04 18 07 8104
03 12 20 8107
04 04 10 8110
06 12 20 8114
04 17 20 8119
06 04 09 8122
02 02 16 8125
05 03 14 8127
06 08 09 8130
02 01 04 8134
02 05 15 8135
04 05 16 8139
02 20 03 8144
03 20 19 8148
04 10 04 8151
05 02 02 8153
02 06 08 8156
03 01 17 8158
02 02 09 8163
04 20 16 8164
04 03 11 8167
02 13 16 8171
05 02 07 8175
02 09 02 8178
06 01 03 8181
03 13 03 8182
02 08 16 8186
04 07 03 8191
03 12 02 8194
04 15 12 8196
06 15 16 8200
06 02 20 8204
03 14 05 8205
06 10 13 8207
06 20 17 8210
03 12 02 8211
02 03 16 8215
06 02 09 8220
02 03 13 8221
02 02 04 8222
02 16 04 8224
02 14 04 8227
02 01 10 8232
02 10 15 8234
05 13 14 8238
04 13 04 8241
06 13 13 8244
05 07 03 8246
04 01 09 8247
05 14 17 8250
02 10 06 8254
02 10 01 8258
06 20 01 8259
06 17 03 8264
06 15 14 8266
06 05 14 8267
05 10 16 8270
02 12 19 8271
04 05 05 8276
05 15 05 8281
06 10 15 8284
06 15 19 8285
02 11 11 8289
04 09 17 8290
04 02 07 8291
02 07 19 8295
03 09 01 8299
02 10 05 8304
03 20 16 8309
03 15 18 8311
05 19 17 8316
03 07 17 8317
02 11 11 8318
02 05 02 8319
04 12 18 8323
04 09 19 8325
03 17 08 8329
03 13 06 8330
06 10 11 8331
04 09 13 8336
05 02 12 8341
05 06 07 8346
03 08 03 8348
02 15 12 8352
02 07 04 8356
02 01 11 8361
06 06 05 8365
02 03 16 8366
02 12 15 8367
06 12 15 8369
04 06 18 8372
06 20 17 8375
05 07 09 8376
03 15 09 8377
05 05 10 8381
03 17 19 8382
03 17 01 8386
06 07 18 8390
04 02 19 8391
05 14 17 8393
02 19 09 8395
05 08 02 8398
03 16 11 8402
03 04 11 8405
06 06 13 8406
05 16 13 8408
03 05 03 8413
05 14 16 8415
04 05 17 8418
02 10 10 8420
05 09 01 8421
03 12 16 8423
05 02 12 8427
05 19 05 8431
03 15 15 8433
04 02 05 8438
05 03 04 8440
02 19 12 8441
05 19 20 8444
02 20 16 8448
05 16 17 8449
02 07 17 8454
05 02 04 8459
02 14 05 8464
03 09 17 8467
06 17 05 8468
05 09 09 8470
02 07 04 8474
06 04 15 8477
05 17 01 8482
02 08 08 8484
06 09 18 8488
06 07 04 8492
03 16 11 8493
04 06 14 8497
04 10 11 8500
05 13 11 8503
03 13 07 8507
05 18 14 8509
06 04 05 8510
03 01 10 8515
02 12 06 8519
05 12 13 8523
03 06 17 8524
02 03 07 8528
03 05 05 8532
06 20 17 8535
05 14 01 8537
03 08 04 8539
06 04 18 8543
02 13 13 8545
06 05 13 8550
03 07 17 8555
05 01 04 8559
02 13 12 8563
05 08 06 8565
03 16 05 8569
04 04 13 8571
04 04 01 8573
02 13 09 8577
04 08 07 8582
03 03 16 8586
06 06 18 8591
02 13 01 8596
05 06 20 8598
02 16 20 8603
06 04 19 8605
06 13 07 8610
04 16 20 8612
02 03 02 8613
05 04 18 8618
02 14 19 8620
04 16 18 8625
02 13 01 8626
03 15 10 8631
04 07 02 8633
02 12 04 8636
05 12 04 8640
04 06 17 8644
02 19 09 8648
04 08 20 8649
06 01 13 8652
04 12 01 8656
04 15 04 8660
02 01 11 8661
04 07 14 8662
05 07 14 8665
06 07 08 8670
05 19 05 8674
02 18 10 8676
05 19 11 8677
03 13 19 8679
06 07 14 8680
06 18 18 8681
04 04 13 8686
03 04 07 8690
04 01 06 8692
05 06 18 8697
06 12 03 8701
04 17 15 8703
06 05 10 8706
03 05 20 8707
04 05 08 8708
05 17 06 8713
03 01 18 8716
06 01 09 8721
06 15 03 8724
02 19 18 8729
06 10 10 8734
06 03 09 8737
02 01 16 8738
02 03 03 8741
04 17 19 8746
03 10 13 8750
02 15 20 8754
03 07 18 8756
02 03 19 8758
03 07 09 8763
05 17 17 8767
06 20 12 8768
02 08 17 8773
05 09 12 8778
02 07 02 8781
02 12 07 8786
02 14 18 8791
04 17 13 8796
04 03 10 8799
03 15 19 8802
03 19 03 8805
03 19 08 8809
06 11 02 8810
04 14 15 8814
02 01 05 8815
05 14 05 8820
06 08 03 8821
02 04 13 8823
04 04 16 8827
06 16 16 8829
06 04 11 8834
04 17 06 8836
06 15 10 8841
03 09 20 8843
03 14 16 8845
05 17 03 8847
06 13 09 8848
02 05 09 8849
06 19 14 8851
03 16 01 8852
06 01 02 8856
02 11 04 8860
02 05 15 8864
02 04 15 8869
06 11 10 8872
04 11 18 8875
06 18 01 8878
05 16 14 8883
03 05 09 8888
05 14 02 8891
04 08 06 8894
03 12 06 8897
02 17 15 8900
03 05 20 8901
06 13 09 8904
05 10 20 8905
04 07 06 8906
06 18 17 8910
03 16 20 8912
04 12 10 8914
05 11 14 8919
05 07 14 8922
05 20 06 8925
02 03 06 8927
03 12 20 8929
03 01 06 8932
06 05 17 8936
02 18 14 8938
05 06 19 8941
05 16 11 8946
06 16 20 8947
03 05 15 8949
04 10 08 8954
05 20 03 8956
04 20 14 8961
04 14 19 8962
05 07 08 8967
04 11 05 8972
03 13 17 8974
06 07 20 8978
04 11 06 8981
02 16 15 8986
02 05 16 8989
02 18 15 8990
06 15 09 8991
02 07 18 8993
05 08 11 8996
04 09 05 9000
04 16 10 9001
04 05 16 9003
02 06 18 9004
02 15 19 9005
04 19 14 9006
05 19 10 9009
06 20 08 9013
05 14 08 9014
03 02 01 9015
03 09 01 9016
05 20 07 9018
02 06 10 9020
05 14 19 9024
05 05 12 9027
02 11 08 9030
05 20 15 9031
04 09 01 9036
04 18 14 9037
02 18 12 9038
05 15 16 9041
02 12 07 9046
04 10 16 9047
05 09 05 9049
02 18 15 9051
03 15 12 9053
03 08 08 9056
03 16 02 9057
05 16 04 9059
02 07 15 9064
05 03 15 9067
02 15 01 9071
05 13 14 9075
06 11 08 9077
06 08 04 9081
04 17 20 9082
03 10 07 9087
03 10 06 9090
05 11 13 9091
05 02 06 9092
03 10 10 9097
06 07 09 9099
05 18 09 9103
04 05 19 9107
05 17 16 9112
06 13 17 9117
03 03 14 9119
03 05 11 9120
04 20 20 9122
03 09 12 9127
02 04 17 9130
05 03 18 9132
02 11 20 9133
05 13 17 9134
03 12 08 9137
05 10 08 9140
02 12 19 9141
05 05 17 9145
05 12 03 9147
06 02 10 9152
05 03 06 9156
02 14 04 9159
04 20 19 9164
05 04 19 9166
03 07 19 9171
06 06 12 9174
02 18 09 9177
03 15 09 9179
03 07 08 9180
03 12 03 9184
02 14 01 9189
06 09 02 9190
06 06 08 9193
06 20 05 9195
02 10 18 9199
06 20 14 9202
02 04 04 9207
06 16 12 9208
03 09 12 9209
02 03 17 9212
06 09 09 9214
05 02 20 9215
04 10 06 9218
06 17 09 9223
06 04 15 9225
03 06 04 9230
03 08 20 9232
06 05 12 9234
03 05 09 9237
06 07 09 9241
05 13 02 9245
03 20 14 9249
05 18 08 9251
03 06 05 9254
05 14 04 9258
02 08 13 9263
02 13 07 9264
02 11 08 9268
04 11 08 9271
03 11 15 9275
02 15 16 9276
02 09 04 9277
06 18 07 9279
04 03 15 9284
05 02 19 9287
05 12 06 9289
05 18 15 9294
05 09 20 9299
02 20 09 9303
03 17 14 9307
03 19 15 9308
06 04 03 9313
03 09 14 9314
04 02 04 9316
06 04 14 9321
02 08 06 9326
04 20 10 9329
06 08 16 9334
04 08 16 9336
03 11 01 9339
03 06 10 9343
06 06 18 9346
06 20 11 9347
06 06 09 9350
02 15 08 9352
06 04 01 9354
06 17 13 9356
03 17 06 9358
04 08 16 9360
05 20 01 9364
03 11 05 9369
06 17 06 9374
02 07 01 9379
04 04 02 9381
04 04 08 9382
06 15 13 9383
03 16 11 9386
04 01 16 9390
06 06 09 9395
03 20 03 9400
02 07 13 9404
05 17 08 9407
03 10 16 9410
04 13 07 9411
06 06 08 9413
06 17 08 9414
02 05 12 9415
02 20 13 9420
04 20 20 9422
04 03 13 9426
04 10 01 9431
06 13 07 9435
06 17 03 9436
03 11 12 9439
02 14 04 9442
02 15 06 9446
04 10 11 9451
03 17 16 9453
06 10 18 9456
02 07 11 9458
05 20 03 9459
03 16 16 9461
05 18 06 9466
06 07 15 9470
05 08 05 9472
04 07 12 9474
02 11 20 9477
03 02 06 9478
04 04 20 9480
04 17 13 9484
02 07 20 9486
06 20 08 9488
03 19 03 9490
05 12 20 9493
05 03 11 9494
05 17 19 9498
05 04 05 9503
04 06 13 9506
06 05 07 9508
02 18 04 9511
04 18 03 9515
03 06 11 9520
02 03 13 9521
05 07 13 9524
02 03 13 9527
04 06 15 9529
03 09 07 9532
06 04 10 9534
03 15 20 9538
02 12 06 9543
02 09 05 9547
04 09 14 9549
03 01 07 9550
06 19 10 9553
03 04 04 9554
02 01 05 9559
06 08 17 9562
03 05 13 9564
06 08 12 9566
04 16 09 9571
04 05 08 9572
02 09 18 9575
02 17 16 9577
04 19 06 9582
05 10 15 9586
02 03 01 9588
06 02 19 9589
03 05 01 9590
06 10 10 9593
04 14 14 9598
06 05 01 9601
06 17 05 9605
02 11 17 9609
04 01 07 9611
04 01 13 9616
06 06 04 9621
04 01 02 9626
05 05 20 9630
06 14 20 9631
04 12 02 9633
05 20 13 9635
04 02 19 9638
02 05 13 9641
06 02 18 9644
06 14 20 9645
05 08 02 9647
06 13 04 9650
05 12 15 9653
04 14 06 9654
06 07 04 9656
05 08 06 9661
02 08 11 9665
05 06 20 9670
04 07 19 9673
02 12 06 9677
06 12 15 9679
05 18 05 9680
06 19 05 9683
03 09 19 9688
05 19 01 9692
06 06 13 9695
06 09 01 9696
02 09 06 9699
06 08 20 9701
04 17 15 9706
04 08 16 9708
03 13 10 9709
06 10 08 9711
04 19 08 9713
04 17 04 9717
03 03 06 9722
02 16 13 9725
02 11 02 9727
06 16 16 9728
03 16 03 9729
05 10 05 9734
02 08 19 9737
02 12 13 9738
03 05 13 9742
06 16 06 9745
05 01 02 9749
05 11 08 9753
05 19 02 9758
05 01 16 9759
06 13 11 9764
04 08 08 9766
04 01 03 9770
06 01 17 9771
06 19 02 9774
05 12 18 9778
03 01 06 9779
03 09 01 9783
06 18 01 9784
06 08 05 9789
04 13 11 9793
02 02 01 9795
02 18 07 9798
03 10 08 9802
04 04 07 9804
06 13 04 9806
06 19 19 9810
04 06 04 9811
05 19 08 9812
02 05 19 9817
06 07 16 9820
02 12 01 9822
02 11 01 9827
03 18 06 9831
03 14 18 9832
06 13 01 9833
02 12 18 9836
05 09 05 9839
03 15 20 9841
04 16 14 9844
06 03 07 9849
06 09 02 9853
05 20 02 9858
05 16 14 9860
06 01 13 9863
02 01 18 9866
05 08 16 9871
04 02 05 9873
05 02 02 9874
03 06 16 9876
03 19 15 9878
04 09 17 9881
05 04 13 9882
06 14 19 9887
05 12 10 9891
06 08 16 9896
05 02 19 9898
06 03 06 9901
02 10 01 9906
05 07 02 9911
05 20 11 9914
05 13 19 9918
04 19 11 9922
05 01 04 9923
05 01 20 9925
03 05 12 9929
05 07 01 9932
02 14 05 9933
04 18 10 9934
03 01 11 9939
03 01 15 9942
03 05 14 9943
06 20 10 9945
02 02 20 9950
03 18 14 9955
05 07 08 9957
03 11 04 9958
06 18 01 9960
03 04 16 9962
03 10 01 9967
02 01 20 9972
02 15 03 9975
02 15 20 9977
03 20 18 9981
06 06 14 9984
02 06 06 9987
04 08 19 9991
05 13 14 9995
03 10 01 9999
04 12 05 10004
04 20 03 10007
05 14 19 10011
05 15 15 10015
06 02 20 10017
06 01 10 10020
02 06 13 10022
04 09 13 10023
05 05 05 10028
06 09 12 10032
02 06 01 10035
03 13 20 10038
02 16 01 10039
05 13 17 10043
04 06 06 10047
03 13 13 10050
05 03 01 10052
02 18 19 10053
03 18 20 10057
02 02 12 10059
05 17 07 10063
05 10 06 10068
03 16 19 10072
05 11 11 10073
03 11 09 10078
04 15 12 10080
05 16 03 10085
02 03 04 10088
02 07 14 10093
04 01 15 10097
06 07 07 10098
02 13 07 10102
03 03 07 10106
05 16 09 10107
02 19 15 10109
05 13 06 10114
05 11 09 10118
03 08 02 10121
02 08 03 10126
06 01 08 10127
03 08 01 10132
06 06 02 10135
02 19 02 10137
03 05 12 10140
05 10 06 10141
05 19 14 10145
04 01 20 10147
03 09 12 10150
06 10 20 10151
05 14 19 10153
02 02 04 10155
04 09 10 10156
05 05 16 10160
06 11 16 10161
06 20 20 10163
06 02 02 10168
03 09 17 10173
02 14 19 10174
06 18 01 10179
02 11 20 10184
06 10 07 10188
04 15 19 10189
02 12 18 10190
05 02 19 10195
05 19 19 10196
04 19 05 10200
05 08 15 10202
04 06 03 10207
02 06 13 10210
04 07 20 10215
04 07 15 10219
02 01 05 10221
06 08 20 10225
04 04 07 10227
05 17 03 10232
05 04 05 10235
05 05 14 10236
05 07 10 10241
02 05 14 10246
05 05 14 10248
06 07 15 10250
05 18 18 10252
05 08 17 10254
04 02 06 10257
05 06 14 10261
06 18 06 10262
05 17 19 10265
04 01 11 10269
04 03 01 10270
02 05 04 10273
02 13 07 10277
05 09 18 10281
06 14 03 10282
05 03 19 10285
03 14 03 10290
04 15 17 10295
02 12 20 10297
04 15 19 10298
06 17 07 10300
04 20 07 10305
02 09 19 10310
03 14 09 10314
04 09 06 10317
06 20 20 10321
03 13 03 10326
06 08 04 10331
03 18 03 10336
03 14 10 10340
05 12 10 10345
03 18 15 10350
05 10 08 10351
04 19 06 10355
06 05 12 10358
06 02 10 10361
02 16 15 10365
06 17 13 10367
02 18 09 10370
06 15 16 10371
02 06 19 10376
06 17 20 10379
06 03 13 10380
06 03 05 10384
05 15 02 10385
05 12 15 10387
06 12 20 10392
02 17 13 10397
06 05 10 10398
04 16 19 10402
06 02 09 10403
02 09 06 10407
06 01 01 10410
03 14 15 10412
05 16 11 10416
03 12 12 10418
04 05 06 10419
04 14 13 10423
06 14 15 10427
05 17 07 10431
04 04 18 10434
03 03 18 10439
04 02 09 10443
02 09 15 10447
05 11 20 10451
04 18 09 10453
06 11 03 10456
05 06 12 10458
03 18 10 10461
04 17 10 10465
04 07 19 10469
04 01 10 10474
03 08 01 10475
03 19 17 10477
05 17 17 10479
03 13 18 10481
05 01 14 10484
03 04 20 10488
05 09 19 10490
06 17 07 10495
03 12 18 10500
06 19 06 10501
04 04 09 10505
05 11 16 10506
06 20 16 10510
02 18 01 10511
05 16 01 10513
04 11 15 10517
05 08 10 10518
03 04 19 10522
06 06 17 10525
03 06 15 10527
04 16 05 10530
06 09 02 10535
03 12 01 10536
03 14 02 10541
02 20 19 10545
05 10 11 10549
03 12 13 10551
06 18 13 10555
06 16 07 10558
02 02 04 10562
02 04 12 10564
02 14 10 10566
06 02 15 10569
06 01 12 10573
06 16 03 10578
06 10 20 10580
03 20 15 10583
05 10 11 10588
02 17 04 10593
06 20 03 10596
05 20 13 10601
05 02 09 10603
06 01 08 10606
04 07 07 10611
02 02 14 10612
03 07 15 10617
04 14 04 10621
02 14 16 10623
03 05 17 10628
06 11 09 10630
02 13 09 10634
03 06 08 10637
03 11 07 10639
06 02 04 10640
05 17 19 10641
02 11 14 10646
05 04 01 10647
03 03 19 10649
04 05 17 10652
02 03 18 10657
02 05 09 10660
06 18 17 10662
04 19 07 10664
02 03 17 10668
06 12 15 10670
03 05 10 10672
02 01 10 10677
05 17 10 10678
04 14 09 10679
02 12 15 10681
04 06 14 10685
06 04 16 10688
06 12 13 10690
06 06 11 10691
04 16 06 10692
02 17 02 10696
03 02 11 10701
05 15 06 10703
06 04 06 10705
06 05 06 10708
04 15 20 10711
03 16 07 10715
02 18 19 10717
04 13 05 10722
02 16 07 10725
02 03 01 10726
06 08 16 10730
03 06 09 10735
05 16 13 10737
05 09 17 10742
06 14 03 10746
06 07 04 10748
06 11 19 10751
03 07 10 10756
03 06 08 10759
06 05 20 10760
04 07 06 10761
04 13 14 10766
02 12 03 10768
06 05 11 10772
04 07 16 10777
05 08 13 10779
02 13 10 10780
02 17 03 10784
03 09 03 10788
03 18 19 10789
06 20 01 10793
03 09 19 10796
05 02 17 10798