############### CABEÇALHO ###############
# Número de nós: 					10	#
# Nó inicial: 						2	#
# Tempo de simulação: 				3h	#
# Variação máxima de tempo: 		5s	#
# Quantidade de paramtros gerados: 	2	#
# Valor máximo para parametros: 	20	#
# Gerado em: 		12/05/2020 04:00:51	#
# ID	PARAM1		PARAM2		TIME	#
#########################################
07 17 20 01
03 15 10 02
05 03 19 03
10 08 06 06
06 08 01 10
08 01 08 15
06 18 15 16
08 13 08 20
09 18 03 24
10 11 09 27
09 20 07 30
06 04 05 35
02 14 11 39
05 10 04 41
10 17 16 45
02 18 15 48
09 08 07 51
06 15 12 53
03 01 15 55
06 11 02 56
02 03 05 57
07 06 06 59
06 12 18 63
03 05 14 68
02 20 13 70
05 02 13 74
05 02 11 76
02 12 17 80
09 09 05 84
02 10 04 88
03 11 20 90
10 04 03 94
02 08 16 96
08 05 04 98
03 20 02 101
03 20 03 105
05 20 02 108
06 14 04 113
07 09 09 115
06 03 17 118
03 20 19 120
05 13 19 122
04 05 18 124
06 05 07 126
08 18 09 127
06 07 04 128
03 05 10 130
09 08 16 134
10 11 12 135
02 20 05 138
04 13 18 141
03 20 09 142
10 13 04 143
10 19 18 147
02 15 17 148
03 12 10 153
05 02 14 154
05 06 08 159
05 17 08 164
09 05 03 166
05 04 13 170
04 06 02 172
05 07 09 173
05 09 17 178
05 04 12 179
02 09 19 183
07 13 20 184
08 15 11 189
06 16 13 191
02 09 14 194
02 17 09 199
08 13 14 204
02 19 18 208
03 08 15 213
05 08 08 217
10 04 19 219
10 06 19 223
05 17 14 224
03 15 08 229
09 13 15 232
04 01 15 237
07 09 20 238
07 14 04 240
10 11 08 243
02 01 15 247
03 17 09 252
08 17 02 257
03 08 09 259
10 12 09 262
09 01 13 265
03 07 01 267
04 05 13 271
02 15 09 275
09 18 07 277
04 10 19 281
02 01 02 284
04 20 16 289
05 20 20 290
05 17 06 295
07 20 20 299
10 01 05 300
10 03 10 303
07 02 10 307
06 02 05 309
06 07 07 310
03 13 03 311
03 09 13 313
05 19 03 317
07 10 01 319
10 11 09 323
05 08 15 324
10 16 03 325
07 09 05 328
02 20 05 329
06 04 01 331
08 18 04 336
02 10 20 339
10 12 02 341
04 12 16 346
08 20 12 347
09 03 11 349
03 11 15 354
08 08 11 359
08 05 05 360
07 18 01 363
07 10 01 366
05 05 08 370
05 20 04 374
09 01 16 375
04 12 15 379
09 20 18 383
10 13 09 388
04 12 08 391
03 10 20 394
02 01 06 398
02 15 16 402
10 04 03 403
04 12 05 404
02 02 08 406
03 20 09 408
09 15 04 409
06 07 14 410
02 05 04 411
09 07 06 414
09 14 02 417
03 12 14 421
07 11 12 425
04 07 10 426
08 04 05 430
06 02 07 435
09 03 16 440
07 19 02 443
02 14 18 448
05 10 05 452
04 16 17 453
10 01 09 454
02 14 17 456
06 04 03 459
04 19 18 460
06 11 15 461
10 05 02 466
10 15 18 470
05 09 08 471
07 09 17 474
07 20 10 477
03 17 10 479
10 17 02 480
04 04 03 483
04 16 03 484
08 12 14 489
03 18 02 493
03 16 18 498
09 08 14 499
04 14 18 502
08 12 08 506
08 11 10 507
02 07 01 510
03 02 03 511
05 05 16 515
10 01 14 519
07 13 04 523
03 06 14 524
04 04 15 529
03 20 20 534
08 07 03 536
09 03 10 537
03 15 20 542
07 19 16 545
08 10 08 550
08 15 16 554
08 04 06 555
04 02 05 559
10 10 15 564
02 11 20 565
09 06 05 570
07 01 07 573
10 13 13 575
06 12 16 579
06 19 17 581
03 04 07 582
09 03 12 585
04 20 09 587
05 08 18 590
05 08 04 591
04 18 18 595
07 04 18 598
06 03 06 600
02 12 05 601
03 11 05 605
07 15 17 609
05 14 05 612
10 16 01 615
02 10 13 617
04 13 03 621
04 01 04 626
04 16 08 629
02 12 03 634
08 18 11 638
03 07 16 641
04 04 05 643
09 18 19 648
02 17 10 652
04 17 07 653
07 13 08 655
04 09 12 657
05 04 15 658
07 10 08 663
07 19 10 666
09 14 03 668
08 12 08 673
03 16 17 677
05 20 17 679
08 15 05 680
07 19 01 684
06 18 19 687
10 14 16 690
04 07 03 694
02 15 06 695
07 11 07 699
06 16 13 702
08 08 02 703
05 10 13 705
09 06 15 706
02 20 14 710
03 14 15 715
03 18 08 718
09 04 08 721
07 02 01 725
03 14 14 728
10 05 11 733
03 10 03 737
03 11 19 739
04 16 18 740
07 07 17 741
06 14 05 745
08 14 17 748
06 12 13 749
10 14 03 751
09 14 14 756
03 10 19 759
03 06 05 763
07 13 19 764
05 06 14 765
08 16 20 768
08 09 05 770
02 20 14 775
06 04 11 780
07 17 09 785
09 05 04 787
06 06 05 790
02 04 17 791
06 03 08 795
02 07 06 798
06 16 08 802
10 04 12 804
09 14 01 806
07 17 01 807
05 15 16 812
06 18 18 816
03 01 18 820
07 01 07 823
08 20 05 827
08 12 10 831
10 13 19 833
04 20 13 838
09 17 18 841
02 06 09 842
06 06 04 844
05 10 11 845
04 16 07 848
10 19 13 852
02 20 07 853
10 05 02 858
04 09 16 861
09 08 05 865
02 14 13 868
03 11 06 870
07 04 18 872
02 02 12 875
03 08 19 878
09 17 01 882
04 03 05 887
02 05 03 891
06 01 20 896
08 11 19 897
08 13 15 900
06 02 10 904
09 20 19 909
05 08 16 910
10 08 15 911
08 15 17 913
06 10 15 916
05 06 09 920
10 03 04 924
02 19 16 925
06 11 19 930
10 07 18 933
04 18 16 936
05 08 14 939
03 18 03 941
06 16 03 946
07 11 12 947
04 04 08 950
04 14 14 951
09 01 02 955
09 14 14 958
04 19 04 960
04 03 01 963
05 05 14 964
06 12 09 968
10 20 09 972
05 07 01 974
05 12 12 977
05 09 18 981
08 08 02 984
09 05 04 986
02 18 05 990
10 09 06 995
04 05 20 998
03 14 12 1003
09 07 03 1004
08 06 17 1007
04 16 07 1011
05 14 09 1014
07 15 19 1017
09 16 10 1022
10 11 08 1026
07 14 09 1028
07 20 20 1029
05 14 05 1031
05 11 13 1035
07 17 08 1036
02 13 11 1039
04 19 06 1041
02 03 16 1043
09 07 08 1045
03 16 04 1048
02 10 16 1051
03 16 03 1054
09 04 17 1056
04 04 06 1059
02 05 05 1061
07 10 09 1064
07 04 03 1068
02 10 05 1071
06 12 06 1072
08 03 06 1077
09 07 19 1079
07 04 19 1082
03 01 10 1085
03 19 20 1088
09 15 17 1093
10 04 02 1097
05 19 02 1099
02 16 14 1101
02 09 17 1105
07 05 05 1107
10 06 17 1108
10 14 18 1111
10 11 14 1113
10 10 11 1118
04 16 13 1121
02 05 15 1124
08 14 07 1126
07 18 18 1129
07 15 20 1130
05 19 06 1135
02 03 18 1138
03 19 13 1140
06 14 07 1141
08 13 01 1145
03 02 09 1146
03 08 03 1149
06 12 07 1151
03 06 11 1156
10 11 03 1161
10 08 01 1163
02 01 07 1167
06 10 16 1172
04 13 15 1175
03 08 19 1176
03 11 10 1180
02 12 03 1183
05 20 02 1186
07 07 04 1188
08 06 08 1191
10 10 17 1196
09 08 05 1201
06 12 03 1202
06 06 09 1206
07 09 16 1210
07 15 06 1214
03 16 06 1217
06 10 20 1218
04 20 18 1219
05 08 14 1220
04 09 15 1222
09 12 17 1225
04 20 06 1228
05 20 20 1230
09 04 06 1234
08 20 06 1238
02 11 05 1241
03 14 07 1243
09 15 04 1244
08 13 16 1249
03 07 09 1254
04 01 17 1259
09 14 18 1262
08 17 20 1267
03 13 15 1269
07 05 14 1272
08 12 03 1273
09 06 09 1276
08 06 07 1278
07 20 01 1279
05 13 14 1281
03 10 09 1285
05 02 01 1290
05 19 01 1293
09 10 12 1294
09 03 17 1298
09 09 01 1302
07 06 02 1306
08 18 07 1308
05 02 05 1309
08 11 17 1311
08 04 09 1316
07 05 07 1320
06 16 08 1322
02 07 06 1325
02 13 01 1330
04 13 11 1331
05 11 16 1332
04 09 19 1335
04 12 04 1336
06 12 09 1338
02 08 13 1340
05 13 09 1345
02 18 07 1349
09 13 18 1353
02 06 06 1356
06 19 05 1360
08 07 01 1363
03 08 16 1366
10 13 14 1369
04 08 03 1374
03 19 04 1377
09 02 07 1379
04 18 14 1382
10 09 09 1384
02 18 10 1388
07 11 08 1393
03 12 03 1396
02 07 09 1399
07 13 03 1401
02 20 09 1404
06 05 13 1409
09 09 17 1412
08 20 19 1413
09 06 09 1414
07 10 12 1416
10 08 06 1419
09 02 01 1422
02 02 09 1423
02 12 11 1424
07 19 10 1427
03 02 07 1429
04 06 05 1430
07 12 16 1431
04 16 11 1432
10 18 15 1434
03 12 10 1435
06 09 12 1439
07 12 07 1442
06 10 09 1444
09 17 15 1445
04 12 05 1446
04 11 20 1451
08 04 07 1452
03 17 12 1454
09 20 16 1456
07 13 20 1458
09 20 19 1459
09 20 17 1461
08 20 13 1465
10 08 11 1466
08 10 14 1471
07 10 19 1472
06 05 14 1473
08 12 13 1475
08 17 11 1477
09 01 11 1480
03 19 19 1484
09 11 17 1487
05 13 13 1488
04 07 15 1493
02 15 12 1497
09 13 15 1501
09 13 06 1505
04 12 05 1506
09 11 11 1508
08 09 11 1509
10 18 19 1512
08 06 14 1515
08 08 14 1516
03 20 17 1517
02 17 02 1521
06 05 16 1523
06 20 08 1525
05 12 08 1530
05 09 19 1535
10 15 19 1539
07 15 07 1540
03 15 14 1545
02 03 13 1549
09 07 04 1550
02 13 08 1551
02 03 04 1556
04 20 16 1560
10 18 16 1564
04 04 01 1569
05 14 05 1574
06 12 05 1579
03 12 06 1583
02 07 11 1588
04 17 20 1591
07 10 06 1594
02 09 12 1599
06 02 03 1602
03 16 10 1603
04 12 13 1606
08 03 08 1607
05 10 18 1612
08 05 06 1613
09 05 08 1614
03 19 01 1615
02 10 01 1617
03 16 16 1620
08 09 15 1624
07 03 20 1627
09 11 15 1632
04 05 03 1637
08 07 18 1639
02 17 02 1642
06 05 02 1647
07 20 10 1648
07 10 04 1653
06 18 17 1657
02 09 15 1662
03 01 13 1664
06 11 15 1668
03 05 20 1670
02 18 13 1672
02 10 15 1676
04 18 15 1678
10 05 11 1679
05 10 18 1684
08 07 14 1687
02 18 05 1691
02 11 15 1695
09 07 01 1696
06 09 11 1700
07 10 07 1701
10 18 11 1702
06 20 04 1704
07 08 15 1708
02 05 14 1713
10 17 06 1716
03 05 13 1721
02 01 17 1723
03 01 04 1727
02 15 20 1728
10 15 15 1730
03 17 04 1733
05 18 18 1735
03 01 19 1738
05 10 16 1743
05 17 14 1747
10 15 16 1750
08 18 18 1755
09 07 10 1756
10 14 01 1757
09 06 15 1760
06 06 19 1761
04 06 01 1764
02 14 11 1767
06 14 17 1768
03 06 03 1773
09 10 06 1775
09 12 07 1777
06 10 17 1778
02 20 13 1782
09 14 16 1785
06 13 14 1788
04 05 02 1792
08 03 15 1793
06 05 13 1798
02 15 08 1802
04 17 17 1807
05 16 13 1810
05 13 04 1814
07 09 13 1816
03 19 05 1821
04 06 11 1826
08 07 16 1829
10 20 20 1831
02 02 15 1835
03 08 14 1838
08 19 07 1843
06 06 13 1844
08 07 20 1845
06 04 20 1846
08 13 18 1849
08 02 17 1852
05 07 03 1853
02 15 16 1858
06 06 10 1860
10 19 20 1863
03 10 20 1867
08 12 10 1870
04 07 13 1873
02 13 18 1875
02 08 08 1878
05 20 05 1881
08 02 20 1882
10 17 19 1886
10 08 05 1890
05 13 20 1893
07 16 02 1897
09 06 09 1898
09 20 20 1901
08 14 19 1904
06 02 15 1905
06 07 17 1908
02 20 08 1911
03 15 01 1916
05 20 19 1921
08 13 10 1926
08 07 05 1927
05 02 12 1929
02 14 13 1934
10 06 14 1937
09 19 20 1938
06 10 16 1942
09 06 13 1943
02 07 18 1948
07 15 05 1950
09 07 17 1951
02 12 17 1955
03 16 08 1960
03 05 03 1962
03 17 16 1966
06 08 15 1970
04 07 08 1971
02 07 04 1976
07 06 03 1981
10 16 18 1984
04 13 03 1989
08 10 01 1990
08 04 07 1993
10 08 07 1997
02 10 18 1998
08 08 04 1999
03 13 03 2003
08 08 01 2004
03 18 18 2009
06 06 06 2011
07 16 17 2016
04 14 04 2020
03 04 16 2024
06 20 13 2025
07 08 15 2030
04 01 09 2032
07 12 06 2037
07 12 11 2041
02 10 01 2044
07 19 06 2046
03 17 17 2048
10 19 06 2049
03 03 18 2052
05 18 13 2056
06 05 11 2057
03 08 14 2058
04 16 19 2060
02 18 03 2065
07 14 09 2068
04 19 18 2071
07 18 10 2074
09 13 12 2077
07 06 11 2078
02 15 03 2080
09 01 05 2084
07 15 14 2085
08 06 10 2088
08 07 02 2092
10 07 09 2094
07 10 17 2099
04 09 18 2102
09 14 18 2104
03 13 11 2109
08 12 05 2110
09 02 12 2115
05 16 13 2120
08 20 20 2121
07 16 11 2124
10 09 02 2126
09 08 09 2127
05 02 14 2128
05 19 10 2133
04 06 10 2136
07 05 03 2141
04 17 01 2142
09 02 12 2145
04 13 01 2150
09 18 05 2152
05 07 10 2153
09 17 12 2155
03 10 20 2160
03 18 08 2165
08 13 04 2166
07 10 20 2167
08 02 07 2169
03 08 02 2173
07 07 15 2176
06 12 04 2179
05 02 08 2180
10 17 10 2181
02 09 12 2183
02 05 17 2187
03 05 09 2188
10 17 18 2192
07 09 09 2193
09 07 03 2196
05 09 16 2198
04 09 20 2199
09 16 10 2200
03 18 12 2201
10 17 08 2204
08 14 15 2205
05 08 08 2206
09 16 17 2208
03 17 11 2212
02 18 07 2213
07 14 14 2218
05 03 14 2220
08 04 12 2224
08 09 13 2226
05 13 18 2231
07 09 10 2232
06 01 06 2236
02 15 05 2237
02 01 12 2240
02 03 20 2245
05 03 05 2246
04 01 02 2249
03 03 02 2252
09 11 20 2253
02 18 03 2257
09 14 06 2258
09 04 06 2261
02 16 07 2262
02 04 12 2264
05 07 13 2266
09 18 20 2271
04 09 01 2276
05 06 19 2281
04 01 10 2284
03 19 13 2288
07 08 20 2293
03 20 15 2295
06 09 02 2299
06 15 10 2302
08 13 03 2304
09 11 08 2305
06 02 09 2306
05 09 02 2308
04 06 13 2312
04 10 04 2317
02 18 02 2322
07 04 03 2327
07 11 15 2331
04 01 06 2335
05 01 16 2336
07 12 18 2340
07 14 08 2342
04 17 19 2346
07 04 04 2347
05 20 12 2349
03 09 17 2352
05 16 20 2354
02 04 12 2359
05 11 12 2360
08 05 13 2361
07 16 13 2365
02 06 11 2367
05 07 10 2370
07 07 18 2374
02 14 10 2376
05 07 11 2377
08 02 03 2382
05 17 01 2384
07 12 18 2387
08 01 09 2390
02 19 16 2393
03 03 11 2398
09 08 13 2401
07 01 10 2406
02 19 08 2409
07 03 03 2410
04 20 04 2413
04 02 11 2418
03 03 18 2423
10 07 03 2425
06 20 06 2428
06 16 08 2430
09 06 07 2433
04 11 04 2437
06 08 06 2442
03 02 16 2443
05 14 14 2447
09 12 11 2448
09 20 18 2452
08 02 20 2456
10 07 16 2458
02 18 01 2462
04 12 12 2467
09 16 06 2468
03 15 01 2473
08 09 15 2478
03 17 16 2479
05 15 01 2484
05 18 15 2485
05 14 15 2489
05 03 15 2491
06 16 12 2493
08 13 09 2497
06 19 03 2501
06 18 02 2503
06 05 16 2505
09 19 20 2510
10 17 16 2514
02 03 20 2515
02 13 14 2520
09 20 14 2523
02 09 01 2528
10 16 06 2533
08 02 01 2535
03 20 18 2540
07 20 08 2543
08 08 03 2545
03 16 02 2547
06 06 02 2550
04 10 18 2555
08 12 07 2557
07 14 01 2560
05 09 01 2563
08 15 01 2565
10 12 07 2567
04 20 12 2568
04 19 09 2569
06 20 12 2573
04 20 01 2578
05 02 13 2579
09 10 18 2580
07 04 03 2584
10 03 05 2588
05 09 08 2592
06 16 01 2595
06 09 12 2599
05 04 11 2601
08 03 07 2605
09 07 17 2610
10 09 14 2611
02 18 17 2612
03 05 17 2617
04 08 01 2619
07 18 08 2624
02 10 01 2625
05 15 13 2629
03 09 05 2633
10 17 17 2636
10 16 14 2641
07 19 07 2645
09 04 11 2647
09 15 10 2652
06 06 05 2656
03 08 13 2659
07 08 12 2664
03 14 03 2665
09 01 02 2669
07 08 03 2674
07 01 02 2677
06 07 12 2679
05 07 12 2682
06 18 02 2686
09 15 13 2689
07 20 17 2694
02 18 01 2696
04 08 12 2700
04 08 18 2703
05 08 03 2705
10 02 03 2707
07 20 17 2710
02 16 05 2714
06 11 12 2716
06 05 11 2718
10 19 06 2722
05 07 02 2723
08 01 19 2725
05 11 15 2727
07 03 11 2729
05 13 02 2732
04 03 20 2734
07 10 07 2738
10 13 03 2742
03 02 10 2746
05 07 05 2747
06 09 15 2752
06 08 16 2754
04 01 06 2758
02 02 19 2763
05 20 03 2768
05 01 19 2772
02 20 18 2776
05 04 04 2777
10 07 14 2778
06 07 05 2781
06 04 01 2786
02 10 03 2790
10 14 04 2791
02 06 03 2796
10 02 11 2801
08 19 16 2802
06 04 08 2807
05 05 02 2812
09 06 10 2817
07 05 12 2818
03 20 07 2819
08 08 10 2822
03 04 20 2827
06 06 04 2832
10 14 18 2837
04 18 20 2839
03 09 18 2843
02 19 01 2847
06 14 11 2850
02 17 10 2851
10 13 07 2856
07 04 11 2857
05 16 07 2862
07 16 19 2863
07 16 07 2866
10 10 20 2868
05 15 04 2871
04 11 14 2876
02 13 05 2878
10 16 07 2881
02 18 16 2886
03 13 09 2890
04 18 02 2894
10 11 03 2897
03 12 20 2902
08 06 01 2904
03 17 01 2909
02 03 05 2910
02 13 03 2914
08 06 13 2916
07 17 10 2920
09 01 07 2924
08 14 05 2929
04 20 17 2931
07 14 04 2936
06 04 04 2940
09 03 18 2941
06 02 19 2945
07 14 15 2946
07 04 10 2950
06 03 09 2952
09 12 02 2954
05 12 09 2959
10 01 02 2962
09 12 14 2965
05 18 12 2970
04 12 18 2975
08 02 14 2976
06 08 03 2980
04 02 10 2981
07 01 13 2983
03 10 19 2986
09 06 06 2991
02 06 12 2993
04 02 03 2998
03 08 06 3000
07 01 16 3005
02 18 06 3009
07 13 13 3010
06 19 01 3013
06 17 13 3016
10 15 01 3017
07 10 17 3022
05 07 08 3026
05 19 11 3028
04 14 19 3032
03 04 20 3036
06 12 17 3037
06 17 17 3042
05 17 20 3045
05 16 07 3049
03 08 10 3051
05 11 20 3052
03 01 11 3057
04 12 16 3058
06 13 19 3059
04 10 07 3063
02 14 08 3064
04 01 07 3066
04 19 01 3071
10 09 05 3073
06 08 03 3078
05 14 07 3080
09 19 13 3083
04 13 02 3088
07 02 16 3092
05 18 12 3093
07 07 16 3095
03 20 03 3100
06 19 06 3101
03 10 14 3106
05 09 03 3111
06 10 01 3112
10 10 10 3114
08 02 02 3117
08 02 13 3121
04 07 20 3126
09 03 12 3129
07 13 20 3130
10 19 04 3132
03 16 02 3136
02 13 15 3138
09 17 05 3142
02 12 19 3144
02 09 18 3148
03 01 15 3151
04 18 12 3153
10 19 10 3158
02 15 04 3162
09 18 03 3163
03 19 17 3168
10 08 14 3169
03 14 07 3174
07 03 13 3176
08 20 06 3178
10 19 12 3182
10 12 14 3183
08 14 09 3184
04 18 19 3189
10 11 09 3194
10 20 02 3197
07 14 03 3200
07 19 11 3201
06 05 15 3202
05 07 15 3207
03 02 16 3209
10 10 04 3213
08 13 07 3214
04 10 13 3219
03 09 06 3224
08 06 10 3229
09 14 17 3230
09 03 19 3233
03 08 11 3234
06 13 04 3238
09 02 04 3239
07 03 18 3241
06 04 01 3244
09 19 11 3246
10 18 19 3250
07 20 16 3253
08 01 08 3255
03 09 15 3258
09 06 02 3259
09 14 19 3263
10 19 08 3266
03 19 03 3269
06 17 02 3271
09 15 03 3275
05 12 03 3279
05 09 10 3281
03 09 12 3282
06 13 04 3286
07 08 04 3291
05 08 02 3292
08 18 02 3296
10 19 14 3298
04 07 07 3302
09 20 05 3303
08 02 03 3308
08 16 12 3309
05 19 17 3310
09 04 16 3313
10 15 05 3316
07 10 18 3317
10 09 01 3318
05 12 14 3319
03 01 14 3321
06 18 08 3326
05 19 12 3330
03 12 16 3332
06 13 18 3337
07 06 07 3341
08 07 12 3346
04 18 17 3347
07 06 13 3351
02 15 07 3355
04 01 04 3358
03 19 10 3359
09 16 16 3363
08 01 05 3366
02 03 10 3371
04 07 01 3372
09 16 17 3376
04 17 05 3379
08 06 20 3382
09 07 02 3387
06 01 03 3392
05 14 18 3393
03 07 16 3398
06 06 04 3402
10 12 06 3406
02 18 07 3407
04 18 01 3412
05 18 06 3414
10 07 09 3419
05 16 12 3421
06 02 11 3424
02 08 08 3429
04 08 05 3433
06 01 03 3438
07 11 08 3441
02 16 10 3444
04 19 02 3448
09 02 16 3451
09 09 09 3452
10 05 13 3457
08 19 04 3459
03 13 17 3464
07 07 08 3468
09 10 17 3470
06 18 14 3474
07 11 16 3475
07 10 01 3479
06 12 02 3483
03 13 19 3488
03 20 07 3491
08 02 06 3496
08 09 08 3500
04 08 10 3503
03 03 06 3507
05 05 10 3509
02 01 20 3510
05 13 02 3512
09 01 01 3515
08 08 16 3519
08 13 04 3522
06 16 01 3527
03 16 18 3528
06 07 13 3529
04 01 08 3531
03 05 10 3532
05 07 07 3535
06 18 16 3540
10 14 15 3542
06 18 06 3543
02 12 07 3548
07 14 20 3551
06 04 19 3554
07 16 16 3556
03 10 06 3557
06 02 04 3559
08 12 10 3563
05 09 14 3567
09 09 10 3569
02 04 20 3571
06 08 17 3572
06 16 14 3573
08 19 09 3574
02 19 05 3575
10 08 05 3578
03 07 04 3582
05 08 07 3583
05 10 12 3586
04 16 07 3589
07 04 20 3592
06 01 16 3597
04 18 10 3601
06 16 15 3604
08 19 19 3605
04 15 06 3607
07 02 11 3610
02 09 10 3615
06 12 15 3616
02 03 11 3618
06 15 13 3623
08 07 05 3625
04 05 09 3626
06 02 10 3630
06 10 14 3634
08 04 06 3638
05 20 19 3640
02 01 04 3642
08 15 13 3643
06 19 02 3644
10 03 19 3647
09 09 18 3648
03 11 01 3650
10 20 19 3653
08 14 02 3656
07 03 05 3661
05 07 07 3662
02 20 01 3667
07 09 18 3672
05 02 08 3675
07 10 02 3677
06 06 07 3679
08 20 18 3681
09 06 01 3682
09 12 04 3684
10 10 17 3685
04 04 03 3688
05 13 06 3691
03 03 02 3695
08 20 20 3697
06 08 09 3699
04 17 02 3704
03 08 05 3709
08 08 08 3710
02 15 07 3713
03 06 19 3718
06 07 16 3722
04 01 04 3725
04 09 11 3728
02 19 08 3732
09 09 04 3737
02 02 09 3741
08 07 15 3744
09 03 17 3746
03 04 15 3749
03 04 13 3754
08 06 07 3759
08 16 09 3761
03 09 10 3766
10 11 19 3769
04 12 16 3773
02 18 17 3775
03 01 08 3779
03 07 05 3783
08 20 13 3784
10 18 04 3788
08 17 18 3791
09 08 17 3796
04 12 18 3797
05 05 05 3799
06 10 17 3801
06 18 11 3805
10 15 10 3808
10 04 19 3811
07 01 09 3813
09 13 02 3816
08 01 18 3817
09 13 01 3822
04 04 05 3826
05 19 13 3830
05 03 01 3835
03 09 15 3839
02 12 01 3843
09 03 08 3846
05 01 04 3851
04 18 19 3854
03 17 13 3859
07 11 11 3860
04 14 19 3862
10 01 07 3863
06 15 05 3865
02 05 17 3866
02 08 17 3870
07 01 06 3872
02 04 18 3876
02 07 09 3878
03 16 17 3883
08 15 19 3884
07 02 08 3889
05 11 09 3892
06 10 02 3896
10 11 20 3901
10 11 16 3902
04 02 08 3903
02 15 20 3908
09 20 14 3913
05 20 08 3914
07 10 06 3916
02 02 18 3918
07 16 18 3919
08 04 19 3920
10 04 05 3923
08 02 08 3924
09 12 01 3926
09 16 18 3927
07 13 02 3930
05 14 19 3932
09 04 11 3936
06 11 07 3940
04 18 11 3942
04 04 10 3943
04 16 11 3945
07 13 18 3948
06 13 02 3949
07 19 10 3952
08 14 15 3954
10 15 15 3958
03 20 19 3959
03 04 15 3964
10 08 04 3966
08 16 06 3969
04 07 01 3973
04 08 10 3975
05 04 05 3977
09 20 03 3979
04 01 20 3982
09 06 11 3987
03 13 07 3992
06 18 07 3996
04 16 04 3998
06 17 12 3999
07 04 08 4001
10 06 08 4004
08 08 13 4006
09 19 10 4011
09 11 16 4012
03 15 19 4016
07 06 17 4017
06 12 07 4020
09 02 18 4025
10 13 07 4027
02 14 20 4029
03 05 04 4032
02 08 14 4036
08 20 03 4041
07 07 16 4044
10 08 19 4046
03 12 16 4048
07 16 17 4051
06 05 12 4054
09 09 14 4057
09 08 02 4060
08 08 04 4063
04 13 04 4066
02 16 15 4070
09 05 03 4075
10 04 13 4078
05 08 02 4082
08 16 09 4085
10 13 16 4090
04 18 16 4095
05 02 04 4100
04 15 19 4104
09 01 19 4105
09 04 17 4110
06 07 02 4112
10 03 05 4115
04 01 01 4119
10 07 07 4123
10 09 01 4128
02 14 14 4130
03 05 08 4131
06 07 14 4135
05 10 03 4138
10 20 04 4141
07 05 16 4146
06 02 09 4150
10 09 08 4153
05 06 11 4154
06 12 04 4156
09 07 08 4160
09 06 15 4161
10 15 11 4163
09 13 06 4168
03 18 12 4169
07 09 17 4170
06 20 10 4172
04 06 19 4175
03 20 01 4179
06 12 09 4184
10 13 15 4185
10 01 10 4190
08 12 13 4194
07 18 03 4198
08 18 07 4201
09 13 06 4202
03 11 05 4207
10 03 08 4208
02 08 07 4209
09 15 13 4212
06 06 12 4216
03 01 12 4220
03 17 11 4223
10 05 07 4224
06 06 03 4229
05 10 05 4233
09 19 01 4234
08 12 18 4239
08 16 02 4243
10 11 17 4245
09 11 11 4247
10 08 15 4252
06 18 09 4255
10 11 08 4256
02 15 19 4261
09 20 09 4266
05 04 01 4270
10 15 08 4271
02 13 19 4276
06 02 17 4279
04 07 19 4280
10 08 04 4285
10 18 16 4290
06 04 15 4294
03 02 19 4296
10 08 11 4301
09 08 13 4305
06 02 01 4309
03 18 18 4311
02 01 14 4315
05 15 16 4316
03 14 18 4318
04 08 03 4323
05 04 01 4324
10 20 19 4329
04 20 12 4331
07 04 01 4334
06 06 18 4335
10 03 14 4340
09 07 14 4341
03 17 18 4346
04 20 13 4347
05 16 16 4350
06 01 08 4353
03 03 19 4355
03 19 04 4360
05 20 15 4364
05 04 04 4367
02 15 13 4372
02 15 02 4375
03 17 04 4378
06 07 14 4379
10 08 06 4383
04 01 16 4385
02 02 09 4387
09 12 17 4388
06 05 02 4389
04 04 01 4392
03 08 04 4393
04 20 01 4394
02 15 12 4399
06 09 06 4400
05 12 16 4402
06 08 04 4405
07 10 06 4406
02 01 11 4407
05 06 13 4410
09 02 18 4411
09 12 02 4415
08 12 17 4419
06 20 04 4423
08 09 10 4426
05 15 03 4427
09 09 09 4430
05 01 13 4433
08 17 17 4438
04 06 10 4440
04 19 20 4441
06 14 14 4446
10 06 20 4448
07 15 13 4451
03 10 15 4455
04 03 05 4456
02 18 08 4458
03 14 06 4461
10 02 16 4466
09 20 08 4467
05 18 06 4469
03 04 03 4473
08 02 09 4478
05 12 03 4480
05 16 04 4485
07 19 07 4486
03 07 07 4490
09 16 16 4492
05 19 08 4494
08 17 19 4495
09 17 01 4500
05 06 12 4504
02 18 13 4506
02 05 09 4508
02 09 14 4513
06 15 12 4518
07 14 13 4520
07 06 02 4525
06 01 06 4529
02 13 14 4532
05 05 20 4535
04 18 15 4536
04 13 05 4537
03 10 09 4540
02 08 20 4542
03 13 15 4546
05 10 08 4547
09 14 03 4548
06 09 08 4553
02 10 08 4558
10 03 16 4563
08 15 01 4568
04 19 14 4573
05 08 20 4575
09 05 02 4577
10 16 14 4578
10 07 07 4581
06 10 01 4584
07 10 14 4589
10 05 14 4593
03 18 13 4596
02 01 17 4598
06 09 04 4603
05 18 12 4608
09 20 09 4609
08 07 04 4610
07 09 02 4613
05 02 14 4618
02 12 20 4623
08 18 07 4626
04 05 16 4629
07 11 16 4631
02 10 13 4633
02 15 04 4637
03 07 18 4639
08 05 08 4640
04 15 14 4641
07 09 16 4642
04 08 06 4644
07 02 08 4649
03 16 13 4650
05 05 14 4654
08 11 11 4655
02 18 15 4659
04 11 16 4661
04 16 10 4665
05 18 01 4669
05 11 02 4670
04 05 18 4672
10 12 17 4673
10 02 07 4676
05 13 19 4678
09 18 02 4682
04 08 03 4683
08 12 19 4688
06 07 01 4689
03 17 01 4691
10 08 04 4696
05 02 06 4701
08 06 01 4706
09 18 19 4707
02 20 20 4708
07 07 03 4712
05 16 07 4713
04 08 17 4718
08 07 15 4719
02 18 19 4721
06 17 08 4725
08 17 08 4726
05 17 11 4730
04 14 13 4731
09 09 14 4732
06 02 01 4737
10 10 03 4741
08 02 17 4742
03 14 18 4744
02 06 12 4749
06 19 11 4752
03 03 04 4755
09 02 10 4759
09 04 03 4763
09 10 09 4766
09 17 20 4768
04 08 03 4772
08 12 11 4775
07 14 20 4779
07 10 19 4780
03 15 02 4784
05 18 03 4789
08 12 13 4794
10 08 07 4799
04 07 01 4800
10 14 09 4802
10 04 16 4804
05 18 03 4807
06 18 05 4812
04 07 16 4813
04 18 10 4816
06 03 05 4821
07 13 08 4824
10 16 05 4825
03 07 20 4826
05 05 07 4829
08 11 07 4833
02 19 02 4837
07 11 09 4842
10 18 20 4844
06 19 18 4848
10 11 13 4849
02 05 15 4850
02 20 14 4851
05 20 01 4855
03 04 12 4859
09 15 10 4864
09 07 17 4866
09 20 15 4871
06 12 20 4872
10 07 10 4877
09 05 19 4881
09 13 08 4886
06 15 01 4889
07 06 13 4894
06 11 14 4897
05 07 16 4901
08 05 14 4903
06 05 13 4904
07 08 03 4908
07 20 20 4909
10 01 04 4914
03 15 07 4918
06 10 10 4921
06 13 14 4922
03 20 05 4926
08 20 11 4929
04 02 14 4932
02 04 20 4934
03 19 15 4935
05 13 13 4936
09 01 15 4939
09 14 20 4944
02 11 06 4948
08 20 19 4950
03 06 05 4952
10 12 19 4955
04 11 14 4959
05 08 01 4962
05 14 17 4964
08 16 07 4968
07 02 13 4969
08 18 01 4972
07 19 12 4975
07 17 01 4979
07 19 12 4980
03 11 16 4981
04 11 04 4986
07 15 19 4990
03 04 12 4992
02 07 03 4997
05 20 09 4999
07 13 18 5002
10 18 20 5005
04 13 11 5007
07 05 06 5011
08 14 13 5013
10 05 04 5014
05 19 05 5016
04 12 17 5017
09 10 13 5019
06 11 05 5023
10 17 07 5024
09 15 14 5025
10 07 17 5029
08 18 13 5032
02 12 03 5036
08 17 06 5038
08 14 14 5041
04 20 03 5044
02 05 01 5046
03 05 19 5047
07 06 09 5052
07 17 17 5057
06 17 01 5058
06 14 15 5060
04 10 06 5063
08 18 14 5065
07 18 14 5070
03 15 16 5073
09 07 04 5074
05 14 14 5076
09 19 18 5078
08 06 18 5080
08 13 10 5081
02 13 14 5084
06 02 14 5087
07 08 10 5092
02 16 02 5095
08 19 08 5098
06 02 08 5099
10 04 07 5103
05 06 07 5108
09 11 08 5113
02 14 13 5115
08 15 19 5117
08 06 16 5119
03 02 10 5121
06 05 02 5122
08 16 16 5127
08 04 08 5132
02 09 20 5136
05 08 07 5138
09 17 08 5140
05 01 05 5141
09 16 07 5146
04 02 05 5148
08 16 07 5151
07 04 05 5155
07 11 20 5159
07 04 06 5163
08 20 16 5168
10 19 13 5169
07 16 06 5173
05 06 03 5178
10 15 13 5179
05 07 11 5180
06 15 12 5184
03 05 07 5187
03 17 13 5188
03 10 10 5191
06 09 19 5195
07 17 03 5200
08 14 19 5205
04 01 15 5207
06 18 17 5208
04 19 10 5211
07 05 05 5215
06 02 13 5219
02 12 02 5224
06 15 03 5229
07 11 07 5231
03 19 08 5234
04 04 20 5235
02 16 17 5238
07 01 18 5242
04 16 10 5245
07 15 11 5248
07 05 03 5250
05 14 05 5254
06 04 18 5259
04 08 15 5260
04 18 09 5263
06 01 18 5264
05 14 01 5268
08 19 12 5270
05 14 06 5273
02 02 06 5278
06 20 09 5280
09 07 18 5284
06 11 08 5288
05 14 10 5292
08 11 04 5297
09 01 09 5301
10 06 02 5303
03 19 20 5308
09 12 15 5311
05 03 10 5313
07 13 08 5316
04 20 20 5317
03 09 19 5319
03 15 18 5323
06 20 20 5324
04 07 05 5329
02 03 19 5332
07 01 05 5333
03 01 17 5336
09 03 11 5340
03 15 04 5342
02 13 18 5346
02 13 16 5347
04 14 20 5351
02 17 02 5352
06 18 19 5357
05 18 13 5360
03 10 03 5362
10 02 06 5365
09 08 09 5367
09 15 04 5372
09 10 16 5377
03 19 10 5382
05 19 05 5386
10 10 20 5388
09 11 08 5391
02 04 04 5393
05 07 20 5397
03 02 01 5402
08 14 11 5405
02 10 08 5408
02 07 15 5410
08 10 04 5412
06 15 08 5414
05 02 14 5419
09 01 07 5424
09 01 11 5426
06 10 06 5428
07 02 06 5431
09 12 10 5435
05 11 18 5437
07 14 16 5439
06 11 13 5442
03 03 06 5443
07 08 09 5447
03 12 10 5451
10 19 19 5456
03 06 10 5458
04 16 19 5462
06 14 07 5467
05 08 06 5470
07 18 12 5474
04 09 08 5478
06 04 14 5481
10 11 15 5483
04 17 15 5484
03 07 12 5488
02 10 16 5491
08 02 10 5492
02 09 16 5497
03 20 12 5499
07 03 04 5504
05 09 15 5507
04 11 19 5510
08 02 05 5511
10 20 02 5513
09 06 17 5516
05 15 03 5518
04 12 11 5519
02 07 12 5522
02 07 08 5525
06 18 07 5527
08 11 02 5531
05 14 09 5532
05 12 02 5533
06 16 17 5538
03 03 06 5543
03 02 01 5547
04 11 03 5548
10 18 20 5551
06 08 10 5556
03 01 14 5560
03 17 09 5564
10 10 08 5565
02 07 07 5569
08 01 03 5571
03 19 05 5572
09 10 12 5575
04 15 08 5578
08 06 12 5579
03 01 11 5581
08 14 01 5582
10 11 04 5587
04 20 16 5592
02 06 19 5597
05 14 19 5600
09 20 06 5601
10 17 16 5603
05 20 03 5607
09 04 04 5610
07 09 16 5611
04 02 19 5612
08 01 14 5615
03 03 15 5618
10 06 17 5621
04 20 17 5623
08 15 13 5624
07 18 17 5628
09 13 17 5630
06 04 04 5632
03 09 19 5637
04 02 19 5641
07 13 17 5644
07 04 07 5647
07 19 06 5651
06 08 01 5653
09 12 11 5657
09 12 10 5661
06 01 18 5663
02 20 17 5665
04 19 05 5670
09 18 06 5675
06 02 19 5679
08 15 10 5680
06 11 18 5682
06 15 02 5684
03 02 18 5688
08 15 13 5691
07 14 16 5694
06 18 02 5695
09 03 16 5700
06 17 08 5704
09 07 02 5707
07 05 08 5708
06 13 14 5710
07 20 18 5711
06 02 12 5716
10 13 03 5720
05 01 15 5725
09 15 03 5726
05 16 19 5729
07 20 11 5734
07 06 20 5735
04 18 18 5738
08 09 15 5739
04 08 17 5743
08 01 16 5745
04 16 02 5748
05 02 08 5753
06 12 11 5757
10 13 11 5759
04 07 16 5760
09 05 16 5765
04 03 02 5770
08 19 13 5774
06 14 03 5775
05 02 04 5777
06 10 11 5781
06 08 01 5784
08 10 20 5788
02 03 16 5790
07 14 11 5795
10 12 18 5800
07 05 17 5802
04 10 18 5805
02 16 04 5810
03 18 09 5811
07 17 07 5814
02 17 02 5815
10 05 02 5819
07 14 15 5822
02 10 17 5827
10 15 20 5829
07 07 17 5834
05 08 05 5837
02 06 04 5838
07 16 12 5843
02 11 04 5846
04 17 10 5849
07 12 19 5854
09 01 12 5856
04 04 09 5858
08 01 11 5863
03 01 01 5866
03 06 18 5871
07 03 08 5872
05 07 03 5875
09 05 06 5876
08 16 14 5879
02 07 01 5884
05 12 16 5887
06 17 20 5891
06 13 14 5893
10 13 10 5897
05 15 05 5900
04 03 01 5902
07 17 01 5903
07 20 17 5905
03 15 08 5906
02 06 12 5908
02 13 20 5913
06 07 18 5916
02 11 12 5918
10 06 05 5921
10 01 14 5926
05 05 20 5928
07 04 03 5930
09 09 11 5932
03 02 18 5934
05 03 08 5936
06 01 06 5941
08 07 14 5946
07 08 17 5950
07 05 08 5952
06 03 08 5953
05 09 09 5958
09 04 15 5962
10 15 11 5963
03 11 05 5965
04 09 14 5970
06 02 01 5975
02 05 13 5976
08 06 11 5978
10 12 05 5982
05 15 19 5984
10 07 06 5986
10 15 11 5989
05 18 20 5994
06 10 16 5995
05 09 08 5998
07 01 16 6003
04 16 18 6005
02 15 16 6009
04 06 13 6014
07 12 02 6017
02 08 07 6021
03 03 04 6024
08 13 15 6029
07 09 10 6032
04 08 04 6033
05 19 20 6036
07 07 05 6037
09 10 03 6041
09 18 01 6045
06 09 19 6047
09 05 15 6049
05 08 05 6052
02 18 10 6057
07 11 07 6059
05 19 01 6060
02 18 04 6061
10 05 05 6065
10 01 07 6067
08 12 18 6072
06 10 14 6074
07 19 03 6079
07 08 19 6081
03 17 02 6085
08 08 02 6089
07 01 01 6092
10 03 12 6093
04 07 13 6097
02 20 15 6100
09 15 19 6103
09 20 14 6106
03 03 08 6111
09 06 02 6114
07 09 02 6117
05 02 11 6120
04 10 20 6125
05 15 18 6126
04 02 09 6128
03 19 06 6131
07 20 17 6132
05 07 19 6133
02 05 16 6137
02 06 18 6142
05 09 14 6145
02 14 16 6149
08 15 07 6152
07 19 07 6155
03 14 20 6157
06 10 04 6159
04 15 08 6161
04 02 06 6164
04 09 07 6166
10 16 02 6168
03 04 16 6172
07 11 16 6177
07 12 02 6180
04 03 10 6183
02 01 15 6187
09 05 19 6191
07 19 14 6193
08 04 09 6195
07 05 06 6200
10 12 03 6205
04 06 02 6210
03 02 03 6211
10 13 12 6213
05 01 08 6215
10 12 16 6220
02 16 03 6225
05 20 08 6229
02 01 17 6234
08 07 06 6236
06 04 04 6241
09 15 09 6246
10 11 06 6249
02 04 06 6252
03 15 10 6256
07 11 10 6259
05 03 02 6260
04 13 19 6264
02 05 15 6268
05 19 20 6270
06 09 18 6273
02 17 06 6274
06 10 16 6279
04 10 18 6280
04 03 13 6281
05 15 16 6286
09 12 17 6290
08 04 15 6294
06 03 13 6297
05 17 19 6302
03 04 07 6305
09 05 13 6309
02 07 17 6310
06 14 17 6315
10 06 15 6316
08 05 16 6317
07 08 04 6320
10 20 19 6323
07 02 09 6326
08 10 03 6328
09 16 04 6331
02 10 07 6334
09 08 03 6337
04 06 19 6339
06 06 06 6340
05 20 04 6343
03 15 20 6345
09 10 01 6346
05 12 10 6348
08 09 09 6349
03 20 01 6352
08 13 04 6356
04 06 08 6359
06 01 11 6361
06 09 11 6364
02 01 13 6366
10 10 09 6371
03 13 09 6374
08 12 03 6378
10 13 10 6380
06 05 20 6384
09 04 10 6386
09 10 09 6387
10 16 04 6391
04 18 07 6396
03 04 08 6400
08 08 14 6402
04 01 14 6407
06 18 07 6409
03 16 05 6411
06 07 12 6416
07 05 10 6417
04 17 03 6418
02 02 15 6419
02 11 07 6424
06 11 16 6429
07 03 01 6434
08 19 01 6439
02 17 12 6442
02 05 01 6446
10 17 18 6450
03 10 06 6455
07 14 12 6460
06 16 19 6465
04 18 17 6469
04 11 17 6470
04 05 16 6473
08 19 20 6474
08 09 20 6478
07 06 18 6481
08 09 16 6482
06 14 01 6487
04 16 04 6489
08 09 01 6491
03 05 15 6492
06 20 12 6497
03 15 04 6499
03 16 20 6500
02 06 04 6501
09 05 03 6504
02 08 07 6507
07 02 09 6510
03 10 13 6511
09 09 02 6512
04 10 11 6513
02 01 11 6518
09 18 01 6520
06 09 05 6521
10 06 08 6522
09 20 05 6525
02 13 05 6528
10 12 12 6529
08 14 08 6533
02 06 17 6537
02 02 16 6540
05 14 02 6542
05 05 03 6547
09 03 12 6550
10 09 03 6552
10 18 04 6555
07 01 08 6556
06 14 10 6557
09 19 04 6560
03 15 11 6561
08 17 14 6563
02 15 08 6568
08 15 03 6572
04 17 01 6577
02 17 18 6582
08 03 14 6587
10 17 11 6591
07 08 10 6595
08 09 06 6598
07 19 04 6600
09 18 02 6601
06 02 09 6604
02 09 13 6605
04 14 12 6608
03 10 02 6612
08 19 16 6613
08 10 15 6616
06 01 12 6617
07 15 19 6622
10 16 10 6624
08 05 18 6628
10 08 09 6630
08 09 02 6633
07 17 04 6635
04 01 19 6638
04 19 17 6642
02 17 15 6646
02 11 16 6649
06 12 17 6651
06 02 15 6655
03 19 08 6659
07 11 09 6661
06 19 16 6664
03 08 07 6667
07 11 11 6669
09 04 12 6673
06 06 11 6676
08 16 10 6678
08 07 13 6683
06 19 17 6686
07 19 01 6688
04 14 07 6693
02 19 01 6694
10 06 02 6698
03 03 01 6702
04 01 04 6705
07 01 02 6709
10 20 15 6713
02 08 13 6714
05 09 02 6718
02 20 20 6719
06 08 19 6723
05 05 11 6726
05 17 08 6728
06 14 11 6729
03 03 12 6730
06 12 19 6735
03 11 17 6740
06 04 02 6743
07 14 15 6746
03 05 08 6748
10 11 11 6753
06 05 07 6757
06 12 15 6760
05 15 15 6762
05 17 15 6766
05 02 17 6770
02 18 09 6775
08 12 10 6778
04 02 12 6780
06 05 19 6781
02 17 16 6784
03 13 09 6787
02 11 10 6789
02 08 17 6791
02 08 08 6796
03 03 20 6797
09 12 16 6799
04 11 17 6803
06 10 18 6806
09 01 03 6808
02 09 11 6810
05 02 02 6811
03 10 03 6812
06 09 09 6814
03 06 03 6819
03 01 20 6820
05 18 07 6825
05 14 14 6826
03 15 07 6828
07 09 14 6829
09 03 02 6830
05 02 15 6834
03 12 08 6836
04 13 02 6838
06 09 07 6841
05 03 16 6844
06 09 06 6847
02 02 19 6851
09 09 13 6852
02 15 12 6854
04 07 09 6857
05 13 19 6858
02 18 11 6863
09 03 19 6867
09 02 12 6871
03 01 18 6875
08 17 20 6880
05 16 16 6881
10 06 14 6883
05 09 03 6888
10 16 10 6890
09 07 07 6892
10 03 12 6896
07 05 15 6901
06 15 07 6903
04 05 08 6905
09 19 06 6907
08 10 12 6912
03 01 15 6913
03 03 03 6917
08 17 03 6919
08 06 05 6924
09 20 01 6928
08 14 08 6933
04 05 16 6937
09 15 13 6940
10 08 06 6945
05 16 09 6949
02 12 16 6951
03 11 01 6954
03 17 20 6957
05 18 09 6962
04 05 06 6965
02 05 04 6967
07 19 14 6969
10 07 03 6971
07 17 11 6972
09 09 16 6973
03 13 16 6975
03 06 01 6978
05 05 19 6981
06 05 12 6984
06 02 07 6986
06 05 02 6989
03 02 08 6992
03 05 09 6996
03 13 16 7001
02 19 07 7003
09 08 19 7005
05 12 09 7008
09 08 13 7009
04 06 04 7014
10 18 19 7017
03 18 14 7022
05 12 10 7023
02 04 15 7025
07 11 07 7028
08 20 06 7032
03 08 03 7034
10 13 16 7035
05 05 01 7037
02 07 17 7038
07 01 08 7039
07 19 19 7040
06 14 05 7042
05 11 17 7044
04 01 01 7046
04 10 17 7049
04 14 06 7054
08 13 10 7056
03 20 12 7061
04 01 06 7065
03 12 10 7070
03 09 11 7074
10 15 13 7077
10 08 19 7080
09 16 09 7082
04 13 13 7087
08 03 19 7091
03 05 18 7092
02 02 07 7097
06 16 15 7101
06 18 03 7105
05 08 09 7108
03 19 20 7112
05 19 02 7113
05 18 03 7114
08 09 14 7117
05 07 19 7118
09 08 14 7122
03 12 06 7125
06 11 14 7129
06 19 07 7134
07 14 11 7138
09 05 16 7143
02 11 11 7144
02 09 02 7148
10 08 17 7151
09 18 03 7154
02 11 15 7158
09 01 08 7160
07 13 07 7165
08 01 03 7168
07 11 12 7171
06 08 18 7174
09 14 12 7178
04 03 10 7179
10 04 10 7181
10 01 11 7184
02 03 07 7189
09 08 10 7193
10 03 20 7198
09 08 02 7201
06 10 13 7204
08 10 14 7205
10 11 03 7206
05 16 19 7211
03 04 17 7213
10 01 18 7218
07 16 08 7220
05 12 04 7223
03 01 10 7227
05 19 03 7228
05 03 18 7229
04 03 06 7233
03 17 15 7238
05 10 11 7242
03 02 15 7245
06 05 11 7250
09 14 05 7252
02 18 12 7254
04 16 19 7255
10 14 05 7260
07 03 19 7262
09 02 01 7266
03 13 15 7270
07 12 15 7271
04 06 18 7275
05 19 12 7280
04 05 09 7282
09 15 18 7285
07 14 02 7288
10 19 02 7291
10 20 06 7292
07 20 10 7293
04 09 17 7295
10 15 03 7298
06 14 12 7301
09 10 14 7302
05 01 19 7305
07 05 14 7307
06 02 08 7310
03 12 11 7313
10 04 20 7315
08 11 11 7316
10 11 07 7321
09 02 04 7326
10 15 01 7329
06 19 03 7330
08 19 14 7335
10 01 19 7339
06 19 05 7342
10 01 07 7344
02 02 14 7349
02 17 12 7352
05 17 16 7357
08 20 06 7360
03 12 17 7365
05 12 18 7369
04 19 02 7371
06 06 09 7376
08 01 16 7379
04 11 15 7380
10 08 07 7384
02 19 02 7385
03 05 03 7388
10 20 06 7390
08 20 16 7392
05 02 04 7395
04 12 11 7397
08 19 01 7402
02 11 03 7403
04 08 08 7406
09 01 01 7408
05 03 10 7409
03 16 04 7411
10 19 07 7416
05 01 12 7418
02 20 05 7419
07 04 16 7423
07 11 04 7426
02 01 06 7428
07 15 19 7430
04 07 19 7431
04 05 16 7432
02 06 09 7433
02 18 09 7435
06 12 04 7439
03 18 06 7441
07 18 03 7446
06 08 12 7451
06 09 02 7456
04 05 15 7457
05 09 11 7461
04 13 17 7463
05 06 13 7468
10 06 04 7472
03 17 02 7474
03 14 17 7475
02 16 09 7477
08 03 13 7478
07 19 20 7480
09 11 20 7483
06 05 15 7487
10 13 01 7489
03 07 03 7490
02 09 14 7494
09 12 02 7497
04 20 06 7501
10 14 01 7505
02 16 02 7509
08 03 18 7513
09 14 02 7516
08 04 04 7521
07 01 13 7525
02 17 14 7529
06 19 18 7534
09 11 02 7536
04 18 13 7537
05 06 14 7541
02 06 13 7546
02 01 14 7549
06 09 12 7551
08 09 10 7554
02 17 15 7558
04 02 12 7559
02 05 19 7564
07 08 18 7569
02 10 18 7571
03 14 12 7574
09 17 18 7579
04 09 12 7582
06 06 03 7585
08 05 15 7590
07 09 18 7592
10 03 04 7594
02 01 07 7597
09 05 11 7599
06 20 20 7604
04 07 08 7605
06 06 04 7606
03 05 03 7610
02 04 01 7614
10 12 16 7617
02 02 06 7621
03 01 06 7622
05 08 11 7623
06 18 06 7624
10 11 13 7627
08 20 03 7631
05 20 04 7636
04 10 16 7641
03 11 19 7646
04 18 06 7650
10 03 10 7652
03 03 08 7657
05 03 08 7662
05 07 04 7666
09 15 01 7669
02 01 12 7671
08 06 10 7675
09 09 07 7679
07 19 08 7683
05 09 13 7687
06 04 07 7688
02 16 13 7691
04 11 01 7692
03 14 13 7695
10 01 14 7700
07 04 13 7705
09 16 07 7709
05 03 03 7710
09 11 02 7715
04 11 15 7718
10 08 05 7720
08 07 01 7723
10 12 06 7727
02 16 16 7728
10 14 07 7729
04 16 02 7730
07 15 06 7735
10 14 08 7737
04 14 02 7739
02 04 20 7742
08 19 06 7746
07 15 12 7747
08 03 10 7748
05 08 17 7749
05 08 03 7753
08 11 17 7754
03 14 09 7755
08 12 11 7756
07 04 08 7759
10 14 14 7760
04 19 07 7763
06 16 10 7764
06 01 20 7767
03 09 15 7769
09 16 14 7771
07 02 18 7774
08 16 09 7775
05 05 05 7776
05 01 11 7781
09 09 18 7785
09 06 01 7786
04 08 16 7788
06 08 08 7791
09 09 02 7793
09 09 08 7798
10 20 20 7803
10 10 16 7806
05 16 14 7808
04 06 08 7809
06 06 10 7814
07 15 10 7816
03 02 07 7819
03 05 07 7822
05 16 07 7825
03 16 12 7826
04 11 08 7831
08 13 16 7836
04 12 05 7839
02 01 07 7843
07 07 11 7847
08 06 08 7852
08 19 07 7853
06 18 10 7854
07 05 20 7855
09 08 03 7859
07 05 07 7863
04 01 18 7865
05 15 06 7868
07 13 20 7873
04 16 01 7874
04 09 11 7876
03 03 19 7878
02 01 15 7882
05 11 18 7885
03 12 18 7886
03 18 01 7889
02 13 12 7894
07 05 18 7895
06 20 10 7898
08 07 15 7900
07 14 15 7904
09 12 02 7906
09 20 11 7909
06 07 11 7914
09 07 17 7919
02 15 16 7921
02 20 04 7926
05 20 02 7928
09 20 01 7931
06 15 06 7934
08 01 10 7938
07 10 19 7943
04 17 12 7948
08 10 18 7951
02 18 19 7953
10 01 12 7956
03 16 20 7960
06 02 11 7965
02 03 16 7969
05 01 12 7972
09 11 07 7975
09 05 11 7978
09 19 15 7981
09 10 08 7982
03 07 06 7987
06 19 12 7990
08 03 15 7995
04 02 20 7998
06 20 19 7999
05 15 16 8002
06 03 18 8005
09 01 16 8006
07 15 19 8007
03 08 16 8012
04 07 07 8017
05 16 03 8019
06 13 15 8024
06 14 20 8025
10 04 10 8028
03 13 05 8032
09 07 06 8036
02 15 14 8040
10 10 01 8042
07 14 10 8044
06 16 20 8049
05 01 19 8051
04 12 06 8053
08 02 07 8055
04 20 16 8058
08 13 09 8061
07 11 07 8065
06 03 07 8066
02 14 13 8071
10 16 17 8075
06 13 04 8080
05 10 02 8081
07 16 04 8085
10 01 18 8087
06 05 20 8092
04 04 05 8094
10 13 12 8098
06 12 11 8102
09 08 20 8106
09 01 05 8109
05 11 07 8113
08 14 19 8117
05 11 19 8120
07 13 16 8124
10 10 06 8129
08 18 14 8132
08 05 08 8135
10 07 18 8136
05 19 17 8138
02 19 12 8142
08 11 15 8147
05 20 03 8148
06 11 20 8153
06 03 09 8155
02 19 12 8160
02 03 16 8164
07 05 07 8165
05 14 10 8166
10 04 06 8167
09 10 01 8172
02 08 20 8174
09 09 11 8175
08 07 08 8177
05 14 11 8181
07 04 06 8186
05 11 17 8189
09 15 09 8193
03 02 15 8194
03 01 10 8197
09 18 11 8200
03 19 01 8202
05 09 06 8203
02 19 05 8204
06 09 03 8209
02 17 17 8213
09 18 08 8215
09 19 07 8220
05 02 16 8225
04 03 15 8228
07 07 10 8233
02 05 19 8237
03 08 01 8238
03 13 03 8241
08 01 07 8245
06 14 19 8250
06 15 16 8255
09 05 05 8257
05 07 06 8258
06 06 14 8261
10 01 10 8266
06 05 11 8267
10 18 01 8269
10 18 15 8271
10 04 09 8275
10 06 16 8279
06 20 03 8282
05 13 11 8286
09 04 02 8289
02 02 04 8292
05 16 14 8293
03 04 14 8296
04 17 10 8300
07 16 09 8302
02 05 13 8306
03 06 19 8307
02 06 10 8311
05 16 14 8312
05 14 20 8316
03 18 20 8317
08 10 03 8318
04 02 09 8321
02 16 15 8325
06 15 01 8326
04 13 07 8329
09 20 04 8333
08 11 13 8336
09 18 05 8339
09 07 15 8343
10 12 06 8347
09 11 08 8349
08 20 09 8354
10 03 20 8357
10 13 09 8358
02 13 14 8361
09 09 08 8364
04 16 03 8368
07 16 13 8369
09 18 11 8372
04 18 02 8376
04 01 09 8380
09 05 17 8385
07 09 01 8389
05 11 03 8392
02 07 07 8394
09 03 06 8396
06 10 08 8398
04 18 16 8401
03 08 16 8405
04 19 16 8407
10 05 18 8412
06 12 10 8415
10 18 01 8417
02 16 11 8420
04 03 11 8425
08 11 10 8430
06 08 13 8434
07 02 20 8438
09 06 18 8439
05 18 18 8444
08 04 07 8446
03 01 12 8447
10 02 17 8448
07 10 02 8449
04 06 03 8452
09 06 15 8453
07 07 07 8457
09 20 17 8459
06 03 02 8464
09 13 19 8467
05 06 20 8471
03 10 02 8474
04 10 01 8477
02 12 01 8481
04 10 07 8482
05 04 04 8485
04 08 02 8490
02 03 06 8493
08 17 11 8497
07 15 02 8499
08 12 02 8504
05 18 09 8506
05 03 17 8511
09 14 18 8514
02 05 11 8518
07 11 15 8522
04 10 10 8523
09 09 04 8525
03 07 10 8526
06 03 02 8529
03 05 10 8534
06 05 10 8536
06 16 16 8539
02 08 07 8540
10 20 09 8544
05 01 06 8548
06 20 01 8549
02 19 06 8554
07 02 14 8559
06 10 11 8561
08 01 12 8563
06 10 07 8567
02 08 04 8568
02 08 10 8569
10 20 09 8571
05 06 09 8573
05 14 17 8576
07 20 04 8579
02 19 10 8580
08 04 18 8582
07 08 13 8587
09 07 12 8589
09 08 14 8591
10 01 10 8592
06 19 06 8594
06 11 15 8596
02 14 09 8599
08 15 10 8602
05 19 10 8607
03 10 01 8612
05 13 16 8613
05 04 16 8618
09 17 05 8622
06 14 15 8624
02 19 17 8628
09 04 14 8633
07 07 20 8636
09 18 20 8638
09 18 04 8642
04 03 17 8643
04 05 20 8644
09 18 13 8649
09 09 03 8650
02 19 18 8655
03 19 20 8660
10 06 13 8662
04 20 19 8666
05 16 16 8668
02 17 09 8672
09 15 19 8673
03 10 14 8678
03 09 17 8683
07 13 06 8685
08 03 11 8686
10 12 05 8690
07 20 19 8693
05 12 19 8698
08 19 13 8703
04 11 07 8707
02 13 09 8710
07 16 13 8711
04 03 05 8713
03 07 15 8717
06 14 20 8721
03 09 17 8723
09 02 01 8726
04 20 07 8730
05 10 20 8731
06 14 05 8736
08 15 03 8741
09 10 06 8745
08 01 11 8747
03 04 20 8748
06 20 11 8749
05 01 16 8754
06 02 06 8757
02 11 11 8759
02 01 13 8761
02 05 05 8766
09 01 12 8770
08 06 03 8772
06 11 09 8773
07 09 04 8777
02 04 18 8781
03 10 09 8785
08 07 19 8790
05 05 14 8793
06 09 18 8794
08 15 18 8799
07 17 18 8801
03 12 16 8804
05 05 18 8807
08 11 16 8808
10 10 06 8809
05 13 10 8811
06 05 05 8816
06 12 09 8820
03 02 08 8825
02 09 01 8827
10 11 08 8829
02 15 02 8830
07 09 20 8835
04 20 12 8837
04 12 15 8840
02 19 09 8845
05 07 12 8846
05 05 08 8847
03 06 15 8852
03 19 12 8856
09 10 19 8860
02 02 17 8862
09 13 12 8864
05 17 03 8865
09 11 11 8868
10 02 02 8871
06 10 03 8875
03 19 16 8877
04 16 14 8881
06 14 08 8883
05 09 08 8887
05 14 06 8888
03 07 03 8889
03 14 14 8890
06 01 10 8894
06 02 18 8899
02 13 02 8902
06 06 03 8904
04 02 01 8906
07 14 12 8908
09 11 20 8910
09 07 03 8913
06 19 06 8918
05 15 13 8920
10 15 03 8924
07 16 04 8925
06 05 12 8927
04 11 04 8931
04 15 19 8932
08 13 01 8936
05 13 05 8939
10 09 04 8942
10 17 11 8947
10 16 02 8951
04 17 04 8956
02 11 17 8957
08 16 10 8961
06 18 16 8965
09 01 03 8966
04 09 02 8968
05 05 20 8970
10 02 11 8972
03 20 15 8977
09 14 11 8981
06 07 09 8982
06 13 18 8984
10 06 16 8986
02 14 06 8990
08 07 07 8992
02 16 12 8996
06 03 04 8999
07 13 20 9003
06 07 13 9006
08 02 14 9010
06 16 10 9011
09 04 13 9015
05 03 10 9020
07 13 01 9021
10 01 13 9025
10 18 13 9027
05 02 08 9028
09 06 19 9032
10 18 07 9033
10 02 15 9036
02 15 19 9038
05 04 15 9042
06 09 01 9044
07 05 05 9045
07 17 16 9047
10 06 03 9048
03 03 01 9051
05 10 10 9056
02 09 20 9060
03 18 12 9063
02 07 17 9066
09 05 15 9069
09 09 05 9071
08 09 04 9072
06 19 10 9075
04 19 20 9078
10 07 19 9083
06 14 11 9088
10 05 06 9092
09 19 15 9093
09 04 04 9097
10 09 18 9099
02 06 07 9104
04 12 01 9105
07 01 02 9109
02 09 16 9114
10 20 14 9117
04 11 15 9122
04 16 06 9124
04 03 11 9127
08 19 16 9130
03 05 13 9131
04 20 10 9136
07 13 15 9140
08 12 19 9143
07 10 11 9146
09 11 20 9147
03 05 07 9148
03 01 19 9150
05 13 06 9151
06 11 01 9153
05 14 03 9157
07 20 09 9161
10 03 16 9165
08 19 03 9170
02 07 20 9173
10 15 11 9177
06 12 09 9181
02 06 06 9185
02 17 12 9186
08 12 02 9191
06 08 20 9195
05 16 20 9196
04 19 05 9199
02 15 08 9201
02 17 17 9204
02 12 05 9206
02 14 06 9209
03 15 18 9213
10 14 20 9214
10 08 16 9219
07 18 03 9224
04 01 12 9228
09 15 12 9230
10 13 16 9234
02 02 19 9235
10 09 06 9239
10 10 03 9243
10 16 04 9246
09 09 12 9251
02 11 06 9253
05 16 20 9255
07 14 10 9259
02 01 20 9261
06 14 19 9262
04 09 01 9264
02 18 14 9265
08 17 16 9267
09 14 06 9268
07 04 16 9270
04 13 10 9272
04 04 11 9274
06 08 06 9275
06 17 03 9276
04 20 19 9279
07 05 06 9284
08 17 13 9285
07 16 19 9290
05 17 05 9294
02 09 14 9296
07 18 03 9301
02 03 17 9303
03 18 15 9307
03 09 12 9309
06 08 20 9313
05 02 10 9314
03 12 11 9318
10 18 14 9321
03 05 02 9326
06 06 07 9330
06 12 01 9334
04 13 19 9337
10 11 01 9340
10 09 06 9342
02 07 12 9344
03 13 19 9348
06 07 04 9352
04 09 10 9353
07 09 12 9357
08 06 01 9359
03 16 14 9364
06 07 18 9365
09 06 15 9370
10 19 05 9371
09 13 10 9373
07 19 12 9376
10 02 01 9380
03 10 08 9383
06 14 11 9385
06 08 12 9389
08 05 18 9392
04 10 02 9395
05 04 06 9399
09 14 17 9403
09 08 05 9407
07 18 17 9410
06 07 05 9412
06 02 18 9416
10 06 20 9417
10 20 08 9418
02 16 19 9421
06 18 19 9426
03 15 01 9430
02 12 13 9431
07 02 01 9433
04 02 18 9436
03 19 12 9440
03 02 12 9442
10 13 01 9445
06 20 19 9446
06 02 10 9451
03 20 15 9453
09 17 20 9457
08 18 16 9461
10 15 14 9463
08 18 12 9468
09 12 18 9470
08 11 20 9472
08 03 03 9477
07 10 05 9480
08 02 16 9483
04 03 14 9486
02 17 14 9490
10 12 11 9494
06 02 07 9495
05 09 15 9499
09 14 01 9503
05 13 08 9505
04 13 08 9510
08 04 13 9514
02 09 15 9518
02 04 01 9521
04 03 12 9525
07 12 05 9530
06 17 14 9534
10 09 17 9537
02 14 11 9538
02 10 07 9541
08 15 05 9546
05 08 06 9549
06 03 19 9551
09 19 12 9552
03 12 20 9553
04 12 09 9554
05 18 19 9557
09 10 07 9560
02 13 12 9565
07 07 20 9570
09 08 01 9571
05 01 04 9575
02 09 01 9580
05 13 11 9582
08 04 13 9584
04 15 15 9589
10 18 09 9591
02 18 19 9595
06 06 18 9598
07 07 01 9601
05 10 03 9603
02 04 03 9607
08 12 06 9609
04 08 16 9611
07 02 10 9615
10 19 06 9616
09 14 14 9618
03 06 08 9622
03 02 08 9627
06 03 15 9630
10 06 11 9633
03 13 03 9638
05 02 18 9641
02 01 12 9645
04 15 17 9648
03 13 15 9650
07 18 11 9655
09 03 01 9657
05 17 02 9658
03 01 03 9660
03 10 17 9664
02 18 17 9667
05 07 20 9671
09 17 18 9676
07 16 05 9680
05 14 14 9682
09 09 09 9684
02 05 05 9689
04 15 15 9693
06 11 13 9697
09 08 04 9701
03 20 09 9704
02 06 15 9707
02 05 10 9708
02 01 03 9712
08 19 09 9716
02 17 15 9721
08 18 05 9725
06 05 06 9726
06 10 15 9731
03 06 07 9734
10 13 18 9736
03 01 13 9737
04 07 02 9739
06 14 08 9742
09 13 19 9744
07 07 20 9746
07 05 02 9749
02 16 11 9751
02 07 05 9754
09 07 06 9759
07 13 19 9761
08 02 20 9763
04 20 08 9765
03 17 14 9766
08 10 07 9768
09 14 04 9770
07 16 08 9773
07 11 05 9776
05 20 13 9777
07 10 06 9781
07 19 13 9784
06 09 08 9789
07 11 07 9791
03 02 16 9794
08 20 01 9799
10 19 07 9800
08 10 10 9804
07 10 11 9806
06 19 03 9810
06 12 03 9811
06 17 02 9814
08 05 17 9815
08 01 06 9817
02 14 10 9819
07 05 07 9822
10 06 09 9823
10 18 03 9828
05 03 18 9830
04 13 07 9835
03 05 10 9837
02 03 16 9841
08 14 07 9845
09 11 16 9848
09 10 16 9849
06 16 02 9851
03 13 20 9854
03 10 03 9858
06 17 06 9860
03 08 06 9862
09 20 14 9865
10 04 08 9866
06 06 07 9869
02 01 20 9871
05 08 20 9872
06 01 16 9876
03 09 16 9880
04 10 15 9881
04 18 16 9886
04 14 05 9887
02 05 20 9888
05 06 13 9892
10 15 15 9897
06 12 18 9902
04 08 02 9905
07 16 09 9910
05 03 10 9914
02 20 10 9919
10 02 17 9923
03 05 15 9928
09 08 10 9933
08 11 06 9937
04 04 14 9942
02 20 01 9945
10 11 02 9948
08 08 15 9953
03 15 03 9958
08 16 05 9960
03 10 17 9962
05 08 03 9964
02 06 01 9967
06 12 20 9970
07 04 10 9973
04 16 01 9974
03 01 06 9979
02 20 05 9984
06 02 05 9986
02 20 19 9989
03 12 04 9992
10 15 20 9994
07 01 13 9997
08 04 17 9998
09 14 14 10000
02 07 01 10001
05 10 06 10002
09 01 19 10006
08 09 13 10008
08 20 04 10010
08 14 17 10015
09 06 08 10016
10 09 08 10017
05 04 15 10019
04 10 15 10021
02 13 02 10023
09 17 07 10027
10 18 14 10032
07 12 06 10034
04 11 03 10037
05 01 15 10039
03 04 16 10042
04 04 13 10045
08 07 05 10049
08 02 12 10052
06 02 02 10055
10 11 14 10059
09 20 11 10061
06 03 19 10063
09 09 03 10066
03 05 02 10071
07 01 11 10073
04 06 15 10077
02 12 18 10080
06 07 18 10081
09 16 19 10083
04 19 11 10085
05 11 07 10090
09 09 10 10093
05 05 10 10097
09 11 03 10100
04 20 12 10104
04 11 04 10108
08 03 19 10113
10 14 05 10114
10 10 19 10115
09 01 20 10118
05 09 14 10123
03 14 13 10128
05 18 02 10131
03 12 05 10133
08 18 11 10134
03 13 10 10137
06 17 02 10138
08 20 10 10143
08 12 09 10148
06 11 01 10150
02 10 14 10154
06 05 15 10155
05 14 05 10156
06 14 14 10159
08 08 06 10164
03 17 16 10169
08 07 05 10174
06 06 20 10178
07 10 18 10179
06 03 09 10184
08 15 06 10189
04 09 05 10191
04 18 12 10194
02 14 07 10199
06 10 06 10204
10 07 01 10206
06 03 03 10211
10 20 03 10212
10 04 01 10215
04 10 04 10218
02 05 04 10222
04 19 15 10223
05 08 11 10227
10 13 02 10230
07 03 06 10235
07 14 10 10239
09 16 04 10242
05 08 03 10245
06 05 02 10246
06 20 03 10247
05 14 06 10251
03 13 19 10254
05 07 05 10257
06 02 11 10258
08 17 12 10262
05 08 12 10267
03 16 10 10268
02 14 19 10271
09 03 19 10275
03 18 12 10277
08 07 20 10279
05 14 02 10283
04 07 19 10288
09 20 12 10289
10 17 17 10293
05 06 15 10298
03 05 04 10301
04 11 04 10302
04 04 10 10303
06 04 08 10308
06 12 05 10312
09 11 16 10315
08 09 19 10319
06 14 09 10320
06 19 10 10321
04 08 08 10325
10 16 08 10326
02 15 17 10328
04 06 13 10333
03 03 08 10336
05 14 01 10337
04 17 12 10339
09 14 05 10340
08 14 09 10344
09 20 18 10349
06 02 10 10351
08 16 16 10354
03 05 13 10356
03 08 11 10359
07 15 04 10364
03 17 13 10369
06 12 06 10374
10 10 06 10375
05 12 12 10380
06 16 16 10383
09 11 10 10388
10 19 01 10389
07 19 14 10394
06 09 04 10397
10 04 11 10402
10 12 01 10403
06 08 16 10408
02 14 09 10409
07 17 18 10412
07 13 08 10413
10 17 14 10417
09 07 18 10421
07 17 02 10423
05 16 17 10425
08 09 10 10430
07 03 13 10432
04 07 18 10433
06 17 15 10435
10 20 18 10438
04 07 04 10439
09 19 05 10444
02 02 03 10449
02 13 13 10453
04 03 01 10455
02 13 11 10459
09 10 09 10460
09 18 08 10464
02 01 16 10467
09 07 06 10471
07 05 02 10474
06 08 19 10479
08 17 20 10483
07 05 13 10488
08 10 04 10490
05 11 13 10493
07 03 12 10498
07 19 02 10501
10 04 20 10502
08 15 02 10507
09 01 17 10510
06 09 13 10512
08 02 20 10516
03 11 08 10521
05 02 17 10523
02 04 07 10524
08 12 11 10525
08 15 10 10528
03 11 13 10530
08 06 20 10532
03 15 03 10536
09 11 10 10537
07 17 04 10540
09 15 15 10543
07 06 11 10547
06 14 13 10549
04 18 06 10552
05 07 01 10555
07 07 20 10556
10 05 11 10561
05 07 03 10564
02 03 09 10568
10 12 12 10571
08 16 20 10572
04 06 03 10575
04 12 14 10577
03 08 09 10580
10 05 16 10585
10 11 08 10586
09 08 12 10588
09 06 11 10590
10 07 12 10595
05 16 07 10600
07 20 01 10602
03 04 03 10606
03 11 18 10607
04 08 11 10610
03 10 02 10614
06 17 20 10619
09 12 11 10620
06 13 03 10623
08 20 17 10626
02 05 20 10630
06 18 12 10633
04 16 10 10634
10 18 11 10637
06 04 11 10641
03 13 20 10642
04 03 09 10645
10 10 11 10648
09 16 14 10651
07 16 19 10652
07 07 06 10656
06 13 11 10659
07 08 06 10664
02 15 09 10665
04 05 05 10670
02 11 09 10672
02 18 18 10674
04 10 01 10679
08 09 13 10680
06 05 01 10682
04 07 16 10686
06 02 12 10691
02 10 17 10692
05 18 15 10694
04 20 02 10695
09 01 19 10700
10 10 19 10705
07 10 11 10708
03 15 04 10713
05 09 19 10717
07 14 05 10719
06 20 19 10724
02 08 10 10726
08 02 18 10729
04 04 14 10733
02 18 15 10736
06 04 18 10741
07 18 19 10745
08 01 10 10748
09 03 20 10753
10 07 11 10756
09 16 05 10759
06 15 15 10761
06 06 19 10762
05 17 16 10766
04 02 02 10771
07 20 10 10772
09 02 09 10773
04 05 08 10774
04 11 03 10776
05 01 17 10777
08 13 14 10780
09 12 03 10784
02 18 01 10789
07 12 18 10791
03 08 16 10795
02 12 09 10797